AIRPORT,Year,Month,INBOUND DOM,OUTBOUND DOM,INBOUND INTERNAT,OUTBOUND INTERNAT,Domestic Total,International Total
ADELAIDE,2009,1,259510,258122,25145,19968,517632,45113
ADELAIDE,2009,2,234778,232142,21389,14795,466920,36184
ADELAIDE,2009,3,280441,284820,19466,18154,565261,37620
ADELAIDE,2009,4,274359,281163,20087,21353,555522,41440
ADELAIDE,2009,5,258273,258930,17085,19321,517203,36406
ADELAIDE,2009,6,242263,242610,17680,19449,484873,37129
ADELAIDE,2009,7,269949,272217,24152,21200,542166,45352
ADELAIDE,2009,8,269480,269355,20859,19768,538835,40627
ADELAIDE,2009,9,264127,267734,22039,22699,531861,44738
ADELAIDE,2009,10,284313,277153,26544,20496,561466,47040
ADELAIDE,2009,11,264644,266874,21906,21543,531518,43449
ADELAIDE,2009,12,262735,264356,21402,24899,527091,46301
ADELAIDE,2010,1,260489,258574,26569,22236,519063,48805
ADELAIDE,2010,2,251775,248044,21576,16706,499819,38282
ADELAIDE,2010,3,292054,294892,22086,20609,586946,42695
ADELAIDE,2010,4,290702,296008,22393,23027,586710,45420
ADELAIDE,2010,5,269597,272381,18231,21100,541978,39331
ADELAIDE,2010,6,260162,264413,19742,21699,524575,41441
ADELAIDE,2010,7,293548,297128,25332,21846,590676,47178
ADELAIDE,2010,8,283786,283560,21613,21756,567346,43369
ADELAIDE,2010,9,282205,287767,23201,22552,569972,45753
ADELAIDE,2010,10,313687,301158,27111,19830,614845,46941
ADELAIDE,2010,11,283723,284665,22317,21729,568388,44046
ADELAIDE,2010,12,292916,295017,23166,25965,587933,49131
ADELAIDE,2011,1,275339,273902,26556,22938,549241,49494
ADELAIDE,2011,2,253474,247288,22587,17514,500762,40101
ADELAIDE,2011,3,293734,295355,21787,21351,589089,43138
ADELAIDE,2011,4,282981,286574,22983,25799,569555,48782
ADELAIDE,2011,5,273748,274350,21287,24027,548098,45314
ADELAIDE,2011,6,237077,237976,21671,22929,475053,44600
ADELAIDE,2011,7,273786,277032,28138,25253,550818,53391
ADELAIDE,2011,8,263100,263060,25653,24324,526160,49977
ADELAIDE,2011,9,262527,261455,25906,25166,523982,51072
ADELAIDE,2011,10,278028,273082,28930,23095,551110,52025
ADELAIDE,2011,11,264907,266632,24604,23324,531539,47928
ADELAIDE,2011,12,262361,260566,26035,31216,522927,57251
ADELAIDE,2012,1,258727,260757,34486,27251,519484,61737
ADELAIDE,2012,2,250287,241533,26957,20520,491820,47477
ADELAIDE,2012,3,277032,282302,25746,25886,559334,51632
ADELAIDE,2012,4,264048,267193,25399,26317,531241,51716
ADELAIDE,2012,5,261753,264360,20661,24575,526113,45236
ADELAIDE,2012,6,243743,249972,23206,26101,493715,49307
ADELAIDE,2012,7,275669,269885,31466,24802,545554,56268
ADELAIDE,2012,8,263168,265243,24624,24733,528411,49357
ADELAIDE,2012,9,269802,270676,27126,27912,540478,55038
ADELAIDE,2012,10,287626,281100,30722,22970,568726,53692
ADELAIDE,2012,11,285081,283544,28453,30172,568625,58625
ADELAIDE,2012,12,271564,271750,31996,37996,543314,69992
ADELAIDE,2013,1,262467,266159,39912,30336,528626,70248
ADELAIDE,2013,2,245055,237296,32894,25038,482351,57932
ADELAIDE,2013,3,282049,284894,30633,30591,566943,61224
ADELAIDE,2013,4,280700,287113,30059,33507,567813,63566
ADELAIDE,2013,5,259610,263814,25232,29676,523424,54908
ADELAIDE,2013,6,249959,247004,27642,30977,496963,58619
ADELAIDE,2013,7,285287,290626,38906,33858,575913,72764
ADELAIDE,2013,8,269836,269808,33245,31092,539644,64337
ADELAIDE,2013,9,272655,272652,34517,35056,545307,69573
ADELAIDE,2013,10,306551,300868,39954,28567,607419,68521
ADELAIDE,2013,11,279869,279000,34066,34016,558869,68082
ADELAIDE,2013,12,291204,289813,39818,49993,581017,89811
ADELAIDE,2014,1,277737,278835,53530,41795,556572,95325
ADELAIDE,2014,2,253235,250818,40484,29320,504053,69804
ADELAIDE,2014,3,287307,293996,35407,35805,581303,71212
ADELAIDE,2014,4,283121,285267,39176,42911,568388,82087
ADELAIDE,2014,5,266981,269417,34798,39547,536398,74345
ADELAIDE,2014,6,260567,255415,35861,44801,515982,80662
ADELAIDE,2014,7,284112,289631,51507,44103,573743,95610
ADELAIDE,2014,8,280822,280400,41013,39796,561222,80809
ADELAIDE,2014,9,276540,280913,39785,40956,557453,80741
ADELAIDE,2014,10,319150,311531,44279,35206,630681,79485
ADELAIDE,2014,11,279539,279238,33966,35010,558777,68976
ADELAIDE,2014,12,295383,291644,38989,49220,587027,88209
ADELAIDE,2015,1,271005,273323,50816,40325,544328,91141
ADELAIDE,2015,2,255345,248620,38274,30765,503965,69039
ADELAIDE,2015,3,291956,293217,34114,36696,585173,70810
ADELAIDE,2015,4,291914,294232,33223,37246,586146,70469
ADELAIDE,2015,5,270553,272195,31243,36424,542748,67667
ADELAIDE,2015,6,252967,252494,32695,37826,505461,70521
ADELAIDE,2015,7,296045,302047,40295,36893,598092,77188
ADELAIDE,2015,8,282798,277223,35798,34901,560021,70699
ADELAIDE,2015,9,279982,283113,35418,35682,563095,71100
ADELAIDE,2015,10,315821,304706,39982,32407,620527,72389
ADELAIDE,2015,11,296138,294450,30136,30705,590588,60841
ADELAIDE,2015,12,298324,301313,36126,43398,599637,79524
ADELAIDE,2016,1,282520,284142,44890,39537,566662,84427
ADELAIDE,2016,2,267124,259758,35415,29381,526882,64796
ADELAIDE,2016,3,305728,298866,32873,33552,604594,66425
ADELAIDE,2016,4,291320,302867,31541,36181,594187,67722
ADELAIDE,2016,5,281939,282036,31336,37676,563975,69012
ADELAIDE,2016,6,269707,262566,33289,39790,532273,73079
ADELAIDE,2016,7,300002,307952,47258,43425,607954,90683
ADELAIDE,2016,8,284393,279860,39027,40220,564253,79247
ADELAIDE,2016,9,293756,288573,42085,41067,582329,83152
ADELAIDE,2016,10,317098,319192,46341,35408,636290,81749
ADELAIDE,2016,11,304689,305932,34776,36227,610621,71003
ADELAIDE,2016,12,304574,301400,41707,51177,605974,92884
ADELAIDE,2017,1,292441,295396,51344,42933,587837,94277
ADELAIDE,2017,2,265665,258284,37838,30773,523949,68611
ADELAIDE,2017,3,309494,311591,34763,36346,621085,71109
ADELAIDE,2017,4,294726,296413,34119,39693,591139,73812
ADELAIDE,2017,5,285884,284998,33197,37924,570882,71121
ADELAIDE,2017,6,273329,272795,34097,39198,546124,73295
ADELAIDE,2017,7,308341,310767,46589,43123,619108,89712
ADELAIDE,2017,8,289066,285877,42160,40424,574943,82584
ADELAIDE,2017,9,296741,294811,44410,42623,591552,87033
ADELAIDE,2017,10,327412,326148,46426,36194,653560,82620
ADELAIDE,2017,11,316350,311569,37547,36871,627919,74418
ADELAIDE,2017,12,318458,322403,42206,52177,640861,94383
ADELAIDE,2018,1,300307,304558,58412,47172,604865,105584
ADELAIDE,2018,2,276851,270512,40981,32712,547363,73693
ADELAIDE,2018,3,320101,318876,37451,40042,638977,77493
ADELAIDE,2018,4,311318,316660,36246,41703,627978,77949
ADELAIDE,2018,5,294206,295304,34981,39547,589510,74528
ADELAIDE,2018,6,279737,278632,34610,43963,558369,78573
ADELAIDE,2018,7,318564,319765,48394,42872,638329,91266
ADELAIDE,2018,8,303083,299851,43581,43992,602934,87573
ADELAIDE,2018,9,300580,300750,45590,43804,601330,89394
ADELAIDE,2018,10,329727,327636,49784,38321,657363,88105
ADELAIDE,2018,11,317799,316175,40957,41321,633974,82278
ADELAIDE,2018,12,309982,309368,44574,54951,619350,99525
ADELAIDE,2019,1,293965,298986,58221,49255,592951,107476
ADELAIDE,2019,2,278620,272735,44990,35260,551355,80250
ADELAIDE,2019,3,314477,318070,38857,39981,632547,78838
ADELAIDE,2019,4,315393,315365,40996,46294,630758,87290
ADELAIDE,2019,5,294271,296479,38454,43024,590750,81478
ADELAIDE,2019,6,279068,275957,40583,47455,555025,88038
ADELAIDE,2019,7,321154,325056,55934,49299,646210,105233
ADELAIDE,2019,8,310165,307344,49885,49320,617509,99205
ADELAIDE,2019,9,308230,308039,53080,51858,616269,104938
ADELAIDE,2019,10,345636,343411,55867,43338,689047,99205
ADELAIDE,2019,11,320697,322044,43856,43075,642741,86931
ADELAIDE,2019,12,311283,311134,48765,60945,622417,109710
ADELAIDE,2020,1,294269,298774,63966,53541,593043,117507
ADELAIDE,2020,2,275909,266178,41150,30615,542087,71765
ADELAIDE,2020,3,192633,193960,23735,18459,386593,42194
ADELAIDE,2020,4,5462,6383,0,0,11845,0
ADELAIDE,2020,5,7273,8466,0,0,15739,0
ADELAIDE,2020,6,12264,12993,26,51,25257,77
ADELAIDE,2020,7,25774,27491,350,313,53265,663
ADELAIDE,2020,8,36135,38427,754,661,74562,1415
ADELAIDE,2020,9,49137,50346,1123,590,99483,1713
ADELAIDE,2020,10,90979,90918,1509,537,181897,2046
ADELAIDE,2020,11,70193,73760,959,481,143953,1440
ADELAIDE,2020,12,112726,108004,1429,710,220730,2139
ADELAIDE,2021,1,112901,120628,2115,526,233529,2641
ADELAIDE,2021,2,97732,97565,1919,459,195297,2378
ADELAIDE,2021,3,171916,171932,2124,413,343848,2537
ADELAIDE,2021,4,226873,231100,1798,439,457973,2237
ADELAIDE,2021,5,208206,212298,2823,1464,420504,4287
ADELAIDE,2021,6,148588,149609,3040,1642,298197,4682
ADELAIDE,2021,7,65265,66156,2816,2120,131421,4936
ADELAIDE,2021,8,39127,39952,1063,871,79079,1934
ADELAIDE,2021,9,78689,81802,1173,681,160491,1854
ADELAIDE,2021,10,93731,91605,1152,835,185336,1987
ADELAIDE,2021,11,116813,113929,1180,1299,230742,2479
ADELAIDE,2021,12,152001,142689,937,2799,294690,3736
ADELAIDE,2022,1,127555,129736,4211,3718,257291,7929
ADELAIDE,2022,2,138158,134762,7289,4956,272920,12245
ADELAIDE,2022,3,222888,220124,7098,8046,443012,15144
ADELAIDE,2022,4,281960,284961,10306,12112,566921,22418
ADELAIDE,2022,5,268778,265119,12693,12808,533897,25501
ADELAIDE,2022,6,263202,258308,13847,17516,521510,31363
ADELAIDE,2022,7,287105,291796,22259,22240,578901,44499
ADELAIDE,2022,8,269233,261865,21150,20231,531098,41381
ADELAIDE,2022,9,276769,271841,23363,22819,548610,46182
ADELAIDE,2022,10,304480,300696,25603,22827,605176,48430
ADELAIDE,2022,11,289145,290101,26291,25667,579246,51958
ADELAIDE,2022,12,286051,282226,28493,34434,568277,62927
ADELAIDE,2023,1,274435,279785,41237,34113,554220,75350
ADELAIDE,2023,2,255626,250364,30587,24931,505990,55518
ADELAIDE,2023,3,310519,306729,33742,30455,617248,64197
ADELAIDE,2023,4,299384,301115,36738,38284,600499,75022
ADELAIDE,2023,5,296058,291446,31211,33022,587504,64233
ADELAIDE,2023,6,272888,275630,31799,35432,548518,67231
ADELAIDE,2023,7,299971,306821,45312,40896,606792,86208
ADELAIDE,2023,8,299771,293865,36548,33483,593636,70031
ADELAIDE,2023,9,297536,300179,39684,37768,597715,77452
ADELAIDE,2023,10,331244,327522,44490,35907,658766,80397
ADELAIDE,2023,11,317671,320807,36152,34700,638478,70852
ADELAIDE,2023,12,306084,300922,41665,52958,607006,94623
ADELAIDE,2024,1,298535,303488,59785,42023,602023,101808
ADELAIDE,2024,2,293471,285493,37176,29696,578964,66872
ADELAIDE,2024,3,320056,311979,33433,35570,632035,69003
ADELAIDE,2024,4,320260,331591,40476,41307,651851,81783
BALLINA,2009,1,15908,17145,0,0,33053,0
BALLINA,2009,2,14005,14383,0,0,28388,0
BALLINA,2009,3,15057,15227,0,0,30284,0
BALLINA,2009,4,14106,14505,0,0,28611,0
BALLINA,2009,5,12974,13013,0,0,25987,0
BALLINA,2009,6,12333,11927,0,0,24260,0
BALLINA,2009,7,13878,14196,0,0,28074,0
BALLINA,2009,8,10524,10682,0,0,21206,0
BALLINA,2009,9,11389,10984,0,0,22373,0
BALLINA,2009,10,12826,12747,0,0,25573,0
BALLINA,2009,11,12736,12491,0,0,25227,0
BALLINA,2009,12,12602,12676,0,0,25278,0
BALLINA,2010,1,12345,13148,0,0,25493,0
BALLINA,2010,2,10903,10929,0,0,21832,0
BALLINA,2010,3,11282,11338,0,0,22620,0
BALLINA,2010,4,10375,10614,0,0,20989,0
BALLINA,2010,5,9295,9346,0,0,18641,0
BALLINA,2010,6,8547,8531,0,0,17078,0
BALLINA,2010,7,10340,10053,0,0,20393,0
BALLINA,2010,8,10601,10387,0,0,20988,0
BALLINA,2010,9,11961,11206,0,0,23167,0
BALLINA,2010,10,12623,13407,0,0,26030,0
BALLINA,2010,11,11610,11485,0,0,23095,0
BALLINA,2010,12,14405,14158,0,0,28563,0
BALLINA,2011,1,14507,16411,0,0,30918,0
BALLINA,2011,2,11708,11897,0,0,23605,0
BALLINA,2011,3,12864,13188,0,0,26052,0
BALLINA,2011,4,13126,13075,0,0,26201,0
BALLINA,2011,5,10696,11369,0,0,22065,0
BALLINA,2011,6,10144,10101,0,0,20245,0
BALLINA,2011,7,13150,13011,0,0,26161,0
BALLINA,2011,8,11550,12010,0,0,23560,0
BALLINA,2011,9,14019,13116,0,0,27135,0
BALLINA,2011,10,13536,14114,0,0,27650,0
BALLINA,2011,11,13089,13060,0,0,26149,0
BALLINA,2011,12,15756,15002,0,0,30758,0
BALLINA,2012,1,17159,18871,0,0,36030,0
BALLINA,2012,2,11864,12078,0,0,23942,0
BALLINA,2012,3,13097,13152,0,0,26249,0
BALLINA,2012,4,14958,15119,0,0,30077,0
BALLINA,2012,5,12359,12738,0,0,25097,0
BALLINA,2012,6,12002,11339,0,0,23341,0
BALLINA,2012,7,13998,14481,0,0,28479,0
BALLINA,2012,8,13031,13376,0,0,26407,0
BALLINA,2012,9,15200,14538,0,0,29738,0
BALLINA,2012,10,15682,16492,0,0,32174,0
BALLINA,2012,11,15070,15099,0,0,30169,0
BALLINA,2012,12,17720,16588,0,0,34308,0
BALLINA,2013,1,17319,19332,0,0,36651,0
BALLINA,2013,2,11303,11795,0,0,23098,0
BALLINA,2013,3,14423,13705,0,0,28128,0
BALLINA,2013,4,16197,17705,0,0,33902,0
BALLINA,2013,5,13735,13983,0,0,27718,0
BALLINA,2013,6,14258,14033,0,0,28291,0
BALLINA,2013,7,16020,16237,0,0,32257,0
BALLINA,2013,8,14164,14148,0,0,28312,0
BALLINA,2013,9,17534,16433,0,0,33967,0
BALLINA,2013,10,17876,19052,0,0,36928,0
BALLINA,2013,11,16444,16818,0,0,33262,0
BALLINA,2013,12,20927,18906,0,0,39833,0
BALLINA,2014,1,20119,22230,0,0,42349,0
BALLINA,2014,2,14861,15231,0,0,30092,0
BALLINA,2014,3,15663,16084,0,0,31747,0
BALLINA,2014,4,16926,17256,0,0,34182,0
BALLINA,2014,5,13210,13552,0,0,26762,0
BALLINA,2014,6,14762,14552,0,0,29314,0
BALLINA,2014,7,17839,18283,0,0,36122,0
BALLINA,2014,8,14707,15200,0,0,29907,0
BALLINA,2014,9,19834,19049,0,0,38883,0
BALLINA,2014,10,19283,19973,0,0,39256,0
BALLINA,2014,11,18158,18119,0,0,36277,0
BALLINA,2014,12,20079,19225,0,0,39304,0
BALLINA,2015,1,21764,23672,0,0,45436,0
BALLINA,2015,2,15486,15959,0,0,31445,0
BALLINA,2015,3,18102,17984,0,0,36086,0
BALLINA,2015,4,19599,20173,0,0,39772,0
BALLINA,2015,5,15937,16216,0,0,32153,0
BALLINA,2015,6,16250,16135,0,0,32385,0
BALLINA,2015,7,18513,19000,0,0,37513,0
BALLINA,2015,8,17107,17073,0,0,34180,0
BALLINA,2015,9,21295,20346,0,0,41641,0
BALLINA,2015,10,21492,22587,0,0,44079,0
BALLINA,2015,11,18420,18281,0,0,36701,0
BALLINA,2015,12,22277,21230,0,0,43507,0
BALLINA,2016,1,22620,24286,0,0,46906,0
BALLINA,2016,2,18248,18346,0,0,36594,0
BALLINA,2016,3,21013,20676,0,0,41689,0
BALLINA,2016,4,19736,20262,0,0,39998,0
BALLINA,2016,5,16647,17018,0,0,33665,0
BALLINA,2016,6,16601,15990,0,0,32591,0
BALLINA,2016,7,20878,21002,0,0,41880,0
BALLINA,2016,8,16839,17001,0,0,33840,0
BALLINA,2016,9,22038,20627,0,0,42665,0
BALLINA,2016,10,23453,23982,0,0,47435,0
BALLINA,2016,11,20317,20018,0,0,40335,0
BALLINA,2016,12,25920,24405,0,0,50325,0
BALLINA,2017,1,24867,27034,0,0,51901,0
BALLINA,2017,2,18510,18387,0,0,36897,0
BALLINA,2017,3,20445,20625,0,0,41070,0
BALLINA,2017,4,24319,24171,0,0,48490,0
BALLINA,2017,5,16786,17416,0,0,34202,0
BALLINA,2017,6,17159,16600,0,0,33759,0
BALLINA,2017,7,20665,20831,0,0,41496,0
BALLINA,2017,8,16863,16984,0,0,33847,0
BALLINA,2017,9,22647,21343,0,0,43990,0
BALLINA,2017,10,24283,25312,0,0,49595,0
BALLINA,2017,11,21524,21530,0,0,43054,0
BALLINA,2017,12,26533,24745,0,0,51278,0
BALLINA,2018,1,27192,29470,0,0,56662,0
BALLINA,2018,2,20782,20844,0,0,41626,0
BALLINA,2018,3,22795,21894,0,0,44689,0
BALLINA,2018,4,23004,24426,0,0,47430,0
BALLINA,2018,5,18588,18802,0,0,37390,0
BALLINA,2018,6,18215,17502,0,0,35717,0
BALLINA,2018,7,22997,23183,0,0,46180,0
BALLINA,2018,8,20039,20084,0,0,40123,0
BALLINA,2018,9,21971,20995,0,0,42966,0
BALLINA,2018,10,25099,25794,0,0,50893,0
BALLINA,2018,11,21694,21290,0,0,42984,0
BALLINA,2018,12,26557,24963,0,0,51520,0
BALLINA,2019,1,27119,29344,0,0,56463,0
BALLINA,2019,2,18999,19168,0,0,38167,0
BALLINA,2019,3,22612,22596,0,0,45208,0
BALLINA,2019,4,24051,23949,0,0,48000,0
BALLINA,2019,5,18031,18257,0,0,36288,0
BALLINA,2019,6,17894,17387,0,0,35281,0
BALLINA,2019,7,22932,23029,0,0,45961,0
BALLINA,2019,8,19791,19809,0,0,39600,0
BALLINA,2019,9,22424,21109,0,0,43533,0
BALLINA,2019,10,23850,24551,0,0,48401,0
BALLINA,2019,11,22416,22485,0,0,44901,0
BALLINA,2019,12,27028,24448,0,0,51476,0
BALLINA,2020,1,27390,30186,0,0,57576,0
BALLINA,2020,2,20690,20309,0,0,40999,0
BALLINA,2020,3,13835,14568,0,0,28403,0
BALLINA,2020,4,195,182,0,0,377,0
BALLINA,2020,5,1257,1272,0,0,2529,0
BALLINA,2020,6,4322,3587,0,0,7909,0
BALLINA,2020,7,15858,15370,0,0,31228,0
BALLINA,2020,8,13248,13906,0,0,27154,0
BALLINA,2020,9,18682,17462,0,0,36144,0
BALLINA,2020,10,25422,25769,0,0,51191,0
BALLINA,2020,11,29389,26973,0,0,56362,0
BALLINA,2020,12,35876,31529,0,0,67405,0
BALLINA,2021,1,28046,31562,0,0,59608,0
BALLINA,2021,2,25021,24357,0,0,49378,0
BALLINA,2021,3,28068,28406,0,0,56474,0
BALLINA,2021,4,29364,29741,0,0,59105,0
BALLINA,2021,5,25018,26076,0,0,51094,0
BALLINA,2021,6,22841,20763,0,0,43604,0
BALLINA,2021,7,3537,5022,0,0,8559,0
BALLINA,2021,8,1066,1119,0,0,2185,0
BALLINA,2021,9,1540,1321,0,0,2861,0
BALLINA,2021,10,3896,4070,0,0,7966,0
BALLINA,2021,11,40727,36702,0,0,77429,0
BALLINA,2021,12,55978,50443,0,0,106421,0
BALLINA,2022,1,33426,39287,0,0,72713,0
BALLINA,2022,2,20886,20946,0,0,41832,0
BALLINA,2022,3,21359,22365,0,0,43724,0
BALLINA,2022,4,30264,30175,0,0,60439,0
BALLINA,2022,5,26383,27292,0,0,53675,0
BALLINA,2022,6,25244,24336,0,0,49580,0
BALLINA,2022,7,25628,25714,0,0,51342,0
BALLINA,2022,8,22354,23191,0,0,45545,0
BALLINA,2022,9,25795,24241,0,0,50036,0
BALLINA,2022,10,27176,27849,0,0,55025,0
BALLINA,2022,11,29717,28972,0,0,58689,0
BALLINA,2022,12,28435,28278,0,0,56713,0
BALLINA,2023,1,29525,31981,0,0,61506,0
BALLINA,2023,2,24589,24374,0,0,48963,0
BALLINA,2023,3,29482,29328,0,0,58810,0
BALLINA,2023,4,26230,26146,0,0,52376,0
BALLINA,2023,5,23516,24455,0,0,47971,0
BALLINA,2023,6,23442,22194,0,0,45636,0
BALLINA,2023,7,26226,26480,0,0,52706,0
BALLINA,2023,8,25100,25478,0,0,50578,0
BALLINA,2023,9,28237,26806,0,0,55043,0
BALLINA,2023,10,27510,28163,0,0,55673,0
BALLINA,2023,11,26925,26298,0,0,53223,0
BALLINA,2023,12,28729,27966,0,0,56695,0
BALLINA,2024,1,26601,27920,0,0,54521,0
BALLINA,2024,2,24718,24905,0,0,49623,0
BALLINA,2024,3,26858,25954,0,0,52812,0
BALLINA,2024,4,25631,26794,0,0,52425,0
BRISBANE,2009,1,626445,632882,205011,172799,1259327,377810
BRISBANE,2009,2,520093,519172,156061,144635,1039265,300696
BRISBANE,2009,3,594507,593558,156115,158487,1188065,314602
BRISBANE,2009,4,608593,604520,161297,173044,1213113,334341
BRISBANE,2009,5,584999,579257,148025,155486,1164256,303511
BRISBANE,2009,6,569266,568461,151730,172408,1137727,324138
BRISBANE,2009,7,645966,634920,199264,172957,1280886,372221
BRISBANE,2009,8,612792,611221,169620,183377,1224013,352997
BRISBANE,2009,9,637070,631560,175337,183274,1268630,358611
BRISBANE,2009,10,663699,667650,191678,172089,1331349,363767
BRISBANE,2009,11,611573,619324,161768,173891,1230897,335659
BRISBANE,2009,12,633923,624473,175947,202871,1258396,378818
BRISBANE,2010,1,584635,595191,203308,173057,1179826,376365
BRISBANE,2010,2,545876,545378,160009,147233,1091254,307242
BRISBANE,2010,3,605994,603265,162490,168234,1209259,330724
BRISBANE,2010,4,621672,626921,161473,166938,1248593,328411
BRISBANE,2010,5,596680,592018,149297,158209,1188698,307506
BRISBANE,2010,6,609580,612834,163393,187027,1222414,350420
BRISBANE,2010,7,695302,675766,220390,188120,1371068,408510
BRISBANE,2010,8,661735,667083,179247,194188,1328818,373435
BRISBANE,2010,9,687199,679663,187251,193066,1366862,380317
BRISBANE,2010,10,705758,711488,197989,178468,1417246,376457
BRISBANE,2010,11,663810,669962,167586,178601,1333772,346187
BRISBANE,2010,12,696432,683949,183545,213138,1380381,396683
BRISBANE,2011,1,583192,600245,216100,179977,1183437,396077
BRISBANE,2011,2,550493,554263,160230,146869,1104756,307099
BRISBANE,2011,3,639595,638987,155406,155471,1278582,310877
BRISBANE,2011,4,659295,659943,170423,184505,1319238,354928
BRISBANE,2011,5,646930,644697,165542,168888,1291627,334430
BRISBANE,2011,6,625865,632359,166624,189150,1258224,355774
BRISBANE,2011,7,728844,703758,230003,191645,1432602,421648
BRISBANE,2011,8,695252,696200,186412,198789,1391452,385201
BRISBANE,2011,9,707665,694602,191295,200297,1402267,391592
BRISBANE,2011,10,711157,722627,216988,183402,1433784,400390
BRISBANE,2011,11,687385,697645,177310,187609,1385030,364919
BRISBANE,2011,12,713241,694743,196012,225920,1407984,421932
BRISBANE,2012,1,652897,672445,230713,186380,1325342,417093
BRISBANE,2012,2,598252,600302,171310,151617,1198554,322927
BRISBANE,2012,3,685394,684321,169085,171101,1369715,340186
BRISBANE,2012,4,672498,672012,180955,181959,1344510,362914
BRISBANE,2012,5,670557,669601,157384,162873,1340158,320257
BRISBANE,2012,6,658058,664158,178946,191999,1322216,370945
BRISBANE,2012,7,733530,726697,220763,184288,1460227,405051
BRISBANE,2012,8,720138,712978,183399,190788,1433116,374187
BRISBANE,2012,9,719914,713252,191827,196811,1433166,388638
BRISBANE,2012,10,755041,759021,212706,180386,1514062,393092
BRISBANE,2012,11,722127,720893,175100,184029,1443020,359129
BRISBANE,2012,12,717679,699584,200049,216945,1417263,416994
BRISBANE,2013,1,654088,674779,222033,181468,1328867,403501
BRISBANE,2013,2,600209,600660,176148,156465,1200869,332613
BRISBANE,2013,3,676094,669643,180132,184082,1345737,364214
BRISBANE,2013,4,682036,674360,183072,174775,1356396,357847
BRISBANE,2013,5,669358,667312,166381,173192,1336670,339573
BRISBANE,2013,6,667894,684459,186576,201564,1352353,388140
BRISBANE,2013,7,762731,745224,234492,190947,1507955,425439
BRISBANE,2013,8,729675,720843,202091,209981,1450518,412072
BRISBANE,2013,9,721283,714519,203232,209090,1435802,412322
BRISBANE,2013,10,768788,774774,225003,188766,1543562,413769
BRISBANE,2013,11,718088,718447,184757,192166,1436535,376923
BRISBANE,2013,12,750551,729882,209001,233727,1480433,442728
BRISBANE,2014,1,683604,688577,243665,197869,1372181,441534
BRISBANE,2014,2,611754,613347,184183,168744,1225101,352927
BRISBANE,2014,3,697430,695026,182017,180736,1392456,362753
BRISBANE,2014,4,717116,713104,203052,203842,1430220,406894
BRISBANE,2014,5,690348,686761,181007,186442,1377109,367449
BRISBANE,2014,6,677315,684118,185947,207236,1361433,393183
BRISBANE,2014,7,767925,756240,247977,207772,1524165,455749
BRISBANE,2014,8,724926,719873,213173,223083,1444799,436256
BRISBANE,2014,9,723998,723032,216209,214891,1447030,431100
BRISBANE,2014,10,776924,780848,234133,204479,1557772,438612
BRISBANE,2014,11,693076,696103,197992,207211,1389179,405203
BRISBANE,2014,12,739816,721575,221355,251966,1461391,473321
BRISBANE,2015,1,649819,670411,259107,217528,1320230,476635
BRISBANE,2015,2,594295,594204,204702,186053,1188499,390755
BRISBANE,2015,3,697493,691926,205557,209665,1389419,415222
BRISBANE,2015,4,691971,694729,205882,212965,1386700,418847
BRISBANE,2015,5,668512,665042,189075,198431,1333554,387506
BRISBANE,2015,6,665708,666152,194338,219792,1331860,414130
BRISBANE,2015,7,772477,755862,246477,216603,1528339,463080
BRISBANE,2015,8,701345,703706,217948,232266,1405051,450214
BRISBANE,2015,9,734237,724209,222465,226764,1458446,449229
BRISBANE,2015,10,752480,761055,242288,216271,1513535,458559
BRISBANE,2015,11,716798,726921,202450,210900,1443719,413350
BRISBANE,2015,12,754152,733470,232652,268343,1487622,500995
BRISBANE,2016,1,668003,684524,272608,233848,1352527,506456
BRISBANE,2016,2,627222,628947,212385,196486,1256169,408871
BRISBANE,2016,3,710475,717302,207898,219618,1427777,427516
BRISBANE,2016,4,698082,690470,212414,207393,1388552,419807
BRISBANE,2016,5,684637,680157,192720,200906,1364794,393626
BRISBANE,2016,6,686183,685336,201824,228594,1371519,430418
BRISBANE,2016,7,774563,759615,265175,226192,1534178,491367
BRISBANE,2016,8,717033,719211,221238,238799,1436244,460037
BRISBANE,2016,9,751149,738748,235700,237262,1489897,472962
BRISBANE,2016,10,745465,757564,251916,231523,1503029,483439
BRISBANE,2016,11,715585,722357,212287,226400,1437942,438687
BRISBANE,2016,12,760279,732945,242936,273622,1493224,516558
BRISBANE,2017,1,679191,700014,280306,243488,1379205,523794
BRISBANE,2017,2,603110,607321,217270,195290,1210431,412560
BRISBANE,2017,3,704824,700905,215447,224530,1405729,439977
BRISBANE,2017,4,700334,701979,236642,240158,1402313,476800
BRISBANE,2017,5,693729,679803,207596,219433,1373532,427029
BRISBANE,2017,6,692620,694779,216431,240442,1387399,456873
BRISBANE,2017,7,785638,777468,272272,237677,1563106,509949
BRISBANE,2017,8,732144,735371,233723,250234,1467515,483957
BRISBANE,2017,9,757027,737443,245888,248264,1494470,494152
BRISBANE,2017,10,764991,789151,260136,234779,1554142,494915
BRISBANE,2017,11,738661,741905,222363,235437,1480566,457800
BRISBANE,2017,12,763468,738050,257004,294531,1501518,551535
BRISBANE,2018,1,681869,696460,296079,248966,1378329,545045
BRISBANE,2018,2,627502,632036,231627,211703,1259538,443330
BRISBANE,2018,3,732614,724871,241454,245843,1457485,487297
BRISBANE,2018,4,702211,701528,243330,247399,1403739,490729
BRISBANE,2018,5,705597,704367,222438,234141,1409964,456579
BRISBANE,2018,6,684834,679775,230782,257206,1364609,487988
BRISBANE,2018,7,803426,793303,297336,255284,1596729,552620
BRISBANE,2018,8,756649,754898,256833,277712,1511547,534545
BRISBANE,2018,9,732027,722595,257304,271474,1454622,528778
BRISBANE,2018,10,775645,787653,284433,248094,1563298,532527
BRISBANE,2018,11,745591,744689,231942,246721,1490280,478663
BRISBANE,2018,12,744079,720310,265519,308614,1464389,574133
BRISBANE,2019,1,680091,694414,317314,268620,1374505,585934
BRISBANE,2019,2,616250,622404,242960,216993,1238654,459953
BRISBANE,2019,3,716941,707741,236208,242477,1424682,478685
BRISBANE,2019,4,729676,729399,253286,268696,1459075,521982
BRISBANE,2019,5,713574,705242,239373,246644,1418816,486017
BRISBANE,2019,6,688110,690716,242225,271760,1378826,513985
BRISBANE,2019,7,807079,791137,313718,267968,1598216,581686
BRISBANE,2019,8,767014,761185,272091,295442,1528199,567533
BRISBANE,2019,9,760862,757044,262254,278326,1517906,540580
BRISBANE,2019,10,807162,817472,295301,259813,1624634,555114
BRISBANE,2019,11,746493,752828,255212,266720,1499321,521932
BRISBANE,2019,12,773116,744192,284412,327751,1517308,612163
BRISBANE,2020,1,707885,734476,333471,283668,1442361,617139
BRISBANE,2020,2,606981,612685,223875,197282,1219666,421157
BRISBANE,2020,3,445000,440149,138690,125177,885149,263867
BRISBANE,2020,4,26799,28101,2379,6582,54900,8961
BRISBANE,2020,5,32659,32637,1809,2679,65296,4488
BRISBANE,2020,6,71393,76000,4496,5537,147393,10033
BRISBANE,2020,7,180038,171365,3985,7081,351403,11066
BRISBANE,2020,8,140987,146225,2853,8057,287212,10910
BRISBANE,2020,9,154735,156829,2123,5762,311564,7885
BRISBANE,2020,10,193051,184825,5315,7184,377876,12499
BRISBANE,2020,11,217430,224522,4601,4844,441952,9445
BRISBANE,2020,12,414477,387548,5302,5539,802025,10841
BRISBANE,2021,1,267902,283907,4659,5284,551809,9943
BRISBANE,2021,2,298130,300469,4586,4144,598599,8730
BRISBANE,2021,3,427648,425920,6444,3936,853568,10380
BRISBANE,2021,4,429654,437156,9980,11642,866810,21622
BRISBANE,2021,5,511000,503556,25723,22710,1014556,48433
BRISBANE,2021,6,430307,432858,28021,24882,863165,52903
BRISBANE,2021,7,249494,245299,19956,21025,494793,40981
BRISBANE,2021,8,121497,122053,5549,4909,243550,10458
BRISBANE,2021,9,218867,223494,3420,4240,442361,7660
BRISBANE,2021,10,234056,228529,3399,4891,462585,8290
BRISBANE,2021,11,250852,253869,2578,7419,504721,9997
BRISBANE,2021,12,395624,366513,4454,14148,762137,18602
BRISBANE,2022,1,344849,354577,13581,11602,699426,25183
BRISBANE,2022,2,353768,356813,29642,16900,710581,46542
BRISBANE,2022,3,512295,519705,44992,40392,1032000,85384
BRISBANE,2022,4,656158,657024,75699,78551,1313182,154250
BRISBANE,2022,5,634184,628422,84015,90484,1262606,174499
BRISBANE,2022,6,654731,657804,96894,110899,1312535,207793
BRISBANE,2022,7,698031,688182,141980,131641,1386213,273621
BRISBANE,2022,8,644200,639823,139711,135646,1284023,275357
BRISBANE,2022,9,677647,667478,147935,143906,1345125,291841
BRISBANE,2022,10,694615,697835,164173,145909,1392450,310082
BRISBANE,2022,11,662151,674355,160209,164470,1336506,324679
BRISBANE,2022,12,655328,644468,168050,192056,1299796,360106
BRISBANE,2023,1,615812,622489,202387,175332,1238301,377719
BRISBANE,2023,2,572715,567534,165788,148389,1140249,314177
BRISBANE,2023,3,687168,693293,173754,173503,1380461,347257
BRISBANE,2023,4,666202,655732,177699,184288,1321934,361987
BRISBANE,2023,5,670900,666949,173763,180078,1337849,353841
BRISBANE,2023,6,673019,668794,190044,207687,1341813,397731
BRISBANE,2023,7,730163,708229,225371,206945,1438392,432316
BRISBANE,2023,8,708809,706897,207038,215279,1415706,422317
BRISBANE,2023,9,727365,722667,217038,216383,1450032,433421
BRISBANE,2023,10,730214,737807,225733,208142,1468021,433875
BRISBANE,2023,11,711614,719765,213208,227229,1431379,440437
BRISBANE,2023,12,696715,682245,249928,280462,1378960,530390
BRISBANE,2024,1,626280,631193,284827,238356,1257473,523183
BRISBANE,2024,2,633353,637597,241020,221717,1270950,462737
BRISBANE,2024,3,691994,687596,240810,249842,1379590,490652
BRISBANE,2024,4,677898,672768,233829,234502,1350666,468331
CAIRNS,2009,1,130359,138023,18537,16984,268382,35521
CAIRNS,2009,2,102988,106588,15352,14234,209576,29586
CAIRNS,2009,3,118938,118160,18198,17539,237098,35737
CAIRNS,2009,4,128098,127789,16231,15879,255887,32110
CAIRNS,2009,5,120353,121254,14333,15001,241607,29334
CAIRNS,2009,6,126032,121247,14746,14498,247279,29244
CAIRNS,2009,7,155297,153463,17755,16377,308760,34132
CAIRNS,2009,8,142390,147829,18813,19954,290219,38767
CAIRNS,2009,9,141266,135231,18699,18824,276497,37523
CAIRNS,2009,10,144382,145780,18559,17194,290162,35753
CAIRNS,2009,11,130274,131348,16111,16589,261622,32700
CAIRNS,2009,12,124533,121771,18047,16349,246304,34396
CAIRNS,2010,1,115618,122164,16968,16811,237782,33779
CAIRNS,2010,2,109475,113285,18708,15744,222760,34452
CAIRNS,2010,3,117633,114623,18641,18119,232256,36760
CAIRNS,2010,4,123075,126177,19035,19013,249252,38048
CAIRNS,2010,5,120298,118481,16586,18067,238779,34653
CAIRNS,2010,6,138996,129471,17905,18512,268467,36417
CAIRNS,2010,7,159579,160532,24341,20546,320111,44887
CAIRNS,2010,8,149446,153659,24728,27474,303105,52202
CAIRNS,2010,9,155627,146363,24691,24656,301990,49347
CAIRNS,2010,10,155810,161684,23636,21613,317494,45249
CAIRNS,2010,11,137290,140552,22274,22039,277842,44313
CAIRNS,2010,12,145414,138845,22953,22813,284259,45766
CAIRNS,2011,1,129363,135005,22107,22050,264368,44157
CAIRNS,2011,2,107247,110367,18556,16331,217614,34887
CAIRNS,2011,3,120947,121066,19990,19163,242013,39153
CAIRNS,2011,4,138443,134419,18519,18859,272862,37378
CAIRNS,2011,5,130729,130933,17356,18504,261662,35860
CAIRNS,2011,6,146939,138109,19085,18693,285048,37778
CAIRNS,2011,7,168361,169448,26916,22192,337809,49108
CAIRNS,2011,8,155585,161361,25287,27519,316946,52806
CAIRNS,2011,9,152813,144176,23082,24708,296989,47790
CAIRNS,2011,10,152406,159147,23564,21727,311553,45291
CAIRNS,2011,11,136771,140387,19625,19528,277158,39153
CAIRNS,2011,12,141033,136042,20453,20258,277075,40711
CAIRNS,2012,1,137858,145152,20310,19523,283010,39833
CAIRNS,2012,2,109778,114481,19335,17247,224259,36582
CAIRNS,2012,3,129302,127120,20417,20853,256422,41270
CAIRNS,2012,4,143393,143788,19108,19012,287181,38120
CAIRNS,2012,5,137338,134226,17032,18281,271564,35313
CAIRNS,2012,6,154180,144376,18641,19582,298556,38223
CAIRNS,2012,7,174535,179859,24553,20007,354394,44560
CAIRNS,2012,8,161718,168050,25790,27104,329768,52894
CAIRNS,2012,9,162460,154247,22772,24224,316707,46996
CAIRNS,2012,10,166184,177593,23142,20398,343777,43540
CAIRNS,2012,11,151728,157888,23103,23068,309616,46171
CAIRNS,2012,12,150197,143744,23186,24671,293941,47857
CAIRNS,2013,1,139922,152258,23084,21479,292180,44563
CAIRNS,2013,2,123938,128914,21829,20189,252852,42018
CAIRNS,2013,3,133590,128582,21533,21190,262172,42723
CAIRNS,2013,4,144224,151242,18953,18806,295466,37759
CAIRNS,2013,5,136268,134823,15953,17390,271091,33343
CAIRNS,2013,6,165711,152438,16920,18395,318149,35315
CAIRNS,2013,7,184689,193806,24150,19409,378495,43559
CAIRNS,2013,8,175719,181971,24696,27564,357690,52260
CAIRNS,2013,9,174335,166530,20101,21374,340865,41475
CAIRNS,2013,10,171668,182915,22144,18929,354583,41073
CAIRNS,2013,11,150984,155655,17798,18220,306639,36018
CAIRNS,2013,12,165079,159070,20333,21652,324149,41985
CAIRNS,2014,1,160822,172757,23911,20221,333579,44132
CAIRNS,2014,2,126598,135121,20129,19117,261719,39246
CAIRNS,2014,3,135222,137603,19065,18792,272825,37857
CAIRNS,2014,4,156096,155713,14670,16394,311809,31064
CAIRNS,2014,5,140494,140629,13715,15252,281123,28967
CAIRNS,2014,6,157186,146090,15273,16675,303276,31948
CAIRNS,2014,7,190882,193790,23638,18074,384672,41712
CAIRNS,2014,8,176583,183251,23182,26286,359834,49468
CAIRNS,2014,9,176654,165752,19242,22088,342406,41330
CAIRNS,2014,10,175380,184351,21715,18589,359731,40304
CAIRNS,2014,11,154640,159052,16906,17259,313692,34165
CAIRNS,2014,12,171023,161710,19374,21343,332733,40717
CAIRNS,2015,1,152476,165203,22204,20752,317679,42956
CAIRNS,2015,2,140012,144177,24375,20661,284189,45036
CAIRNS,2015,3,142490,140180,19341,21334,282670,40675
CAIRNS,2015,4,155106,159990,18491,19824,315096,38315
CAIRNS,2015,5,145872,144667,17628,19137,290539,36765
CAIRNS,2015,6,166490,152862,17394,19542,319352,36936
CAIRNS,2015,7,192616,197402,28199,23289,390018,51488
CAIRNS,2015,8,181781,189008,27312,30336,370789,57648
CAIRNS,2015,9,180672,171210,23846,26196,351882,50042
CAIRNS,2015,10,178571,187352,25590,23096,365923,48686
CAIRNS,2015,11,165109,167707,21836,23067,332816,44903
CAIRNS,2015,12,182390,171966,24899,27384,354356,52283
CAIRNS,2016,1,166392,180143,28354,25600,346535,53954
CAIRNS,2016,2,147359,150684,29128,28700,298043,57828
CAIRNS,2016,3,161725,158261,26429,29816,319986,56245
CAIRNS,2016,4,158962,163293,25976,25867,322255,51843
CAIRNS,2016,5,153667,154045,18986,22772,307712,41758
CAIRNS,2016,6,177835,162796,20267,23078,340631,43345
CAIRNS,2016,7,205259,208746,28946,24878,414005,53824
CAIRNS,2016,8,189152,195768,28342,33282,384920,61624
CAIRNS,2016,9,191670,182330,27185,29632,374000,56817
CAIRNS,2016,10,190492,197416,27703,26910,387908,54613
CAIRNS,2016,11,171693,174915,23821,26864,346608,50685
CAIRNS,2016,12,188179,177439,28437,31320,365618,59757
CAIRNS,2017,1,179645,190243,31070,29762,369888,60832
CAIRNS,2017,2,136709,142652,24322,24762,279361,49084
CAIRNS,2017,3,159059,158396,27174,30646,317455,57820
CAIRNS,2017,4,181848,180316,24815,27684,362164,52499
CAIRNS,2017,5,155382,157929,19798,24128,313311,43926
CAIRNS,2017,6,173798,161089,22086,24497,334887,46583
CAIRNS,2017,7,208892,213575,31200,26249,422467,57449
CAIRNS,2017,8,190495,196881,30565,36935,387376,67500
CAIRNS,2017,9,192190,182477,27687,28833,374667,56520
CAIRNS,2017,10,193857,204903,27636,27173,398760,54809
CAIRNS,2017,11,174737,176302,24211,27170,351039,51381
CAIRNS,2017,12,187915,179021,29556,34214,366936,63770
CAIRNS,2018,1,174815,189015,33610,29869,363830,63479
CAIRNS,2018,2,148120,153832,29756,28672,301952,58428
CAIRNS,2018,3,166498,160548,28706,30677,327046,59383
CAIRNS,2018,4,169060,177203,24471,25518,346263,49989
CAIRNS,2018,5,160164,161252,20491,23509,321416,44000
CAIRNS,2018,6,172358,162744,22089,23370,335102,45459
CAIRNS,2018,7,210462,214490,32402,27031,424952,59433
CAIRNS,2018,8,196958,203255,33261,36904,400213,70165
CAIRNS,2018,9,186993,181215,26298,27264,368208,53562
CAIRNS,2018,10,191602,202568,28446,26124,394170,54570
CAIRNS,2018,11,169838,173124,22546,22310,342962,44856
CAIRNS,2018,12,182221,174912,28415,30812,357133,59227
CAIRNS,2019,1,165466,182593,35119,28466,348059,63585
CAIRNS,2019,2,137677,144222,30795,25815,281899,56610
CAIRNS,2019,3,148353,148820,27643,27018,297173,54661
CAIRNS,2019,4,174165,174537,26308,26781,348702,53089
CAIRNS,2019,5,155803,156734,21257,24427,312537,45684
CAIRNS,2019,6,165242,156860,22586,22671,322102,45257
CAIRNS,2019,7,202599,207474,32703,26768,410073,59471
CAIRNS,2019,8,186770,193366,31853,35300,380136,67153
CAIRNS,2019,9,179272,175399,27488,27903,354671,55391
CAIRNS,2019,10,186674,198083,29088,24945,384757,54033
CAIRNS,2019,11,166611,170095,21997,22149,336706,44146
CAIRNS,2019,12,178108,171434,25408,27336,349542,52744
CAIRNS,2020,1,167386,180829,28638,24465,348215,53103
CAIRNS,2020,2,112318,121118,24070,19120,233436,43190
CAIRNS,2020,3,87371,93860,10976,10079,181231,21055
CAIRNS,2020,4,3459,3967,30,24,7426,54
CAIRNS,2020,5,4457,4324,37,55,8781,92
CAIRNS,2020,6,13751,12639,102,144,26390,246
CAIRNS,2020,7,54621,49769,53,72,104390,125
CAIRNS,2020,8,47105,50717,79,58,97822,137
CAIRNS,2020,9,63478,61080,94,68,124558,162
CAIRNS,2020,10,64549,68830,130,108,133379,238
CAIRNS,2020,11,61386,63214,367,96,124600,463
CAIRNS,2020,12,104291,92785,250,106,197076,356
CAIRNS,2021,1,81168,94999,267,127,176167,394
CAIRNS,2021,2,61052,61666,184,104,122718,288
CAIRNS,2021,3,96171,89306,171,47,185477,218
CAIRNS,2021,4,139312,137320,0,0,276632,0
CAIRNS,2021,5,138197,136872,0,0,275069,0
CAIRNS,2021,6,136235,124787,283,275,261022,558
CAIRNS,2021,7,105136,122044,434,550,227180,984
CAIRNS,2021,8,42963,46215,0,0,89178,0
CAIRNS,2021,9,82306,78141,0,0,160447,0
CAIRNS,2021,10,80925,85901,0,3,166826,3
CAIRNS,2021,11,76280,79303,0,19,155583,19
CAIRNS,2021,12,117397,98493,0,26,215890,26
CAIRNS,2022,1,101593,119639,0,68,221232,68
CAIRNS,2022,2,74950,73920,0,111,148870,111
CAIRNS,2022,3,112705,109426,107,250,222131,357
CAIRNS,2022,4,176984,170675,1597,1374,347659,2971
CAIRNS,2022,5,152773,152054,2277,3020,304827,5297
CAIRNS,2022,6,181033,165059,4037,5344,346092,9381
CAIRNS,2022,7,188524,196632,10314,8022,385156,18336
CAIRNS,2022,8,173475,178869,11323,10614,352344,21937
CAIRNS,2022,9,184671,178202,7586,7664,362873,15250
CAIRNS,2022,10,179425,188390,10261,8440,367815,18701
CAIRNS,2022,11,149558,155164,7692,9456,304722,17148
CAIRNS,2022,12,159727,149179,11267,14438,308906,25705
CAIRNS,2023,1,143420,155313,15885,13920,298733,29805
CAIRNS,2023,2,111683,116266,15903,11957,227949,27860
CAIRNS,2023,3,142578,139756,15864,17120,282334,32984
CAIRNS,2023,4,163902,166802,18602,16245,330704,34847
CAIRNS,2023,5,158107,158050,16952,18037,316157,34989
CAIRNS,2023,6,177738,166490,18226,18794,344228,37020
CAIRNS,2023,7,195021,204360,28855,20136,399381,48991
CAIRNS,2023,8,188334,193286,27315,27939,381620,55254
CAIRNS,2023,9,191936,186040,25026,28228,377976,53254
CAIRNS,2023,10,184789,195082,27532,24665,379871,52197
CAIRNS,2023,11,162243,165589,24233,25047,327832,49280
CAIRNS,2023,12,145746,139468,23460,26852,285214,50312
CAIRNS,2024,1,150684,160317,29351,26377,311001,55728
CAIRNS,2024,2,133183,137650,25916,22413,270833,48329
CAIRNS,2024,3,153296,147367,24446,26343,300663,50789
CAIRNS,2024,4,165086,171624,23397,22580,336710,45977
CANBERRA,2009,1,108207,101081,0,0,209288,0
CANBERRA,2009,2,116663,113554,0,0,230217,0
CANBERRA,2009,3,140251,140587,0,0,280838,0
CANBERRA,2009,4,131170,133295,0,0,264465,0
CANBERRA,2009,5,133275,133030,0,0,266305,0
CANBERRA,2009,6,129877,128886,0,0,258763,0
CANBERRA,2009,7,135477,134669,0,0,270146,0
CANBERRA,2009,8,140898,139037,0,0,279935,0
CANBERRA,2009,9,138413,140091,0,0,278504,0
CANBERRA,2009,10,139171,136886,0,0,276057,0
CANBERRA,2009,11,140350,136400,0,0,276750,0
CANBERRA,2009,12,124879,132273,0,0,257152,0
CANBERRA,2010,1,115316,108511,0,0,223827,0
CANBERRA,2010,2,127933,125520,0,0,253453,0
CANBERRA,2010,3,159259,158643,0,0,317902,0
CANBERRA,2010,4,137603,139037,0,0,276640,0
CANBERRA,2010,5,135630,135664,0,0,271294,0
CANBERRA,2010,6,138443,138293,0,0,276736,0
CANBERRA,2010,7,140048,140533,0,0,280581,0
CANBERRA,2010,8,138899,135985,0,0,274884,0
CANBERRA,2010,9,137827,142801,0,0,280628,0
CANBERRA,2010,10,150238,143708,0,0,293946,0
CANBERRA,2010,11,146185,144206,0,0,290391,0
CANBERRA,2010,12,127064,136664,0,0,263728,0
CANBERRA,2011,1,112590,103009,0,0,215599,0
CANBERRA,2011,2,123300,118760,0,0,242060,0
CANBERRA,2011,3,147553,148135,0,0,295688,0
CANBERRA,2011,4,133303,136882,0,0,270185,0
CANBERRA,2011,5,139177,136996,0,0,276173,0
CANBERRA,2011,6,127137,129848,0,0,256985,0
CANBERRA,2011,7,141140,139594,0,0,280734,0
CANBERRA,2011,8,143160,139888,0,0,283048,0
CANBERRA,2011,9,141455,142946,0,0,284401,0
CANBERRA,2011,10,138124,134276,0,0,272400,0
CANBERRA,2011,11,140335,138342,0,0,278677,0
CANBERRA,2011,12,121309,130966,0,0,252275,0
CANBERRA,2012,1,109033,99199,0,0,208232,0
CANBERRA,2012,2,121419,116842,0,0,238261,0
CANBERRA,2012,3,141394,144121,0,0,285515,0
CANBERRA,2012,4,126610,127383,0,0,253993,0
CANBERRA,2012,5,133853,135314,0,0,269167,0
CANBERRA,2012,6,125070,126912,0,0,251982,0
CANBERRA,2012,7,131577,128069,0,0,259646,0
CANBERRA,2012,8,131733,133657,0,0,265390,0
CANBERRA,2012,9,128890,130406,0,0,259296,0
CANBERRA,2012,10,138679,130767,0,0,269446,0
CANBERRA,2012,11,135284,135565,0,0,270849,0
CANBERRA,2012,12,113399,120717,0,0,234116,0
CANBERRA,2013,1,103477,94142,0,0,197619,0
CANBERRA,2013,2,113732,110963,0,0,224695,0
CANBERRA,2013,3,134918,136345,0,0,271263,0
CANBERRA,2013,4,124558,124378,0,0,248936,0
CANBERRA,2013,5,129017,131160,0,0,260177,0
CANBERRA,2013,6,126482,126045,0,0,252527,0
CANBERRA,2013,7,128750,126930,0,0,255680,0
CANBERRA,2013,8,126778,127395,0,0,254173,0
CANBERRA,2013,9,120563,122006,0,0,242569,0
CANBERRA,2013,10,134709,128025,0,0,262734,0
CANBERRA,2013,11,127922,128151,0,0,256073,0
CANBERRA,2013,12,112159,117843,0,0,230002,0
CANBERRA,2014,1,97433,90215,0,0,187648,0
CANBERRA,2014,2,106417,102807,0,0,209224,0
CANBERRA,2014,3,124681,125533,0,0,250214,0
CANBERRA,2014,4,114029,115205,0,0,229234,0
CANBERRA,2014,5,120764,123275,0,0,244039,0
CANBERRA,2014,6,118607,117421,0,0,236028,0
CANBERRA,2014,7,122917,121468,0,0,244385,0
CANBERRA,2014,8,120988,120574,0,0,241562,0
CANBERRA,2014,9,121363,121743,0,0,243106,0
CANBERRA,2014,10,131857,128821,0,0,260678,0
CANBERRA,2014,11,122435,120113,0,0,242548,0
CANBERRA,2014,12,108108,115048,0,0,223156,0
CANBERRA,2015,1,94689,86462,0,0,181151,0
CANBERRA,2015,2,104237,100964,0,0,205201,0
CANBERRA,2015,3,126132,125655,0,0,251787,0
CANBERRA,2015,4,114563,117067,0,0,231630,0
CANBERRA,2015,5,120603,121584,0,0,242187,0
CANBERRA,2015,6,118741,118659,0,0,237400,0
CANBERRA,2015,7,123396,123872,0,0,247268,0
CANBERRA,2015,8,121935,119718,0,0,241653,0
CANBERRA,2015,9,121215,122296,0,0,243511,0
CANBERRA,2015,10,126705,122960,0,0,249665,0
CANBERRA,2015,11,127260,123247,0,0,250507,0
CANBERRA,2015,12,107340,116006,0,0,223346,0
CANBERRA,2016,1,95222,85827,0,0,181049,0
CANBERRA,2016,2,113441,110029,0,0,223470,0
CANBERRA,2016,3,125542,126699,0,0,252241,0
CANBERRA,2016,4,118371,122047,0,0,240418,0
CANBERRA,2016,5,121205,120895,0,0,242100,0
CANBERRA,2016,6,116467,119291,0,0,235758,0
CANBERRA,2016,7,124246,122447,0,0,246693,0
CANBERRA,2016,8,126885,123817,0,0,250702,0
CANBERRA,2016,9,123755,129234,1421,1784,252989,3205
CANBERRA,2016,10,131890,124676,3821,3174,256566,6995
CANBERRA,2016,11,134343,131391,3393,3274,265734,6667
CANBERRA,2016,12,113363,124710,2743,4161,238073,6904
CANBERRA,2017,1,101509,90217,4665,3403,191726,8068
CANBERRA,2017,2,114565,110886,3255,2652,225451,5907
CANBERRA,2017,3,135406,138246,3369,3140,273652,6509
CANBERRA,2017,4,118282,119097,3961,3427,237379,7388
CANBERRA,2017,5,128920,129619,2794,2737,258539,5531
CANBERRA,2017,6,123485,128500,3031,3727,251985,6758
CANBERRA,2017,7,131376,127611,3918,2969,258987,6887
CANBERRA,2017,8,131056,131328,3477,3076,262384,6553
CANBERRA,2017,9,131749,135681,3582,3692,267430,7274
CANBERRA,2017,10,139380,132630,4306,3250,272010,7556
CANBERRA,2017,11,138446,137892,3759,3404,276338,7163
CANBERRA,2017,12,117225,128234,3747,5094,245459,8841
CANBERRA,2018,1,104856,94239,5278,3714,199095,8992
CANBERRA,2018,2,119614,114799,3841,3174,234413,7015
CANBERRA,2018,3,138912,143798,3975,3737,282710,7712
CANBERRA,2018,4,128524,128730,4859,4717,257254,9576
CANBERRA,2018,5,135746,136978,2930,4225,272724,7155
CANBERRA,2018,6,127237,129749,3422,4773,256986,8195
CANBERRA,2018,7,141914,138351,4197,4585,280265,8782
CANBERRA,2018,8,140734,141717,3593,4245,282451,7838
CANBERRA,2018,9,134735,135431,3749,4719,270166,8468
CANBERRA,2018,10,149456,142604,3923,3360,292060,7283
CANBERRA,2018,11,142780,143912,3035,3992,286692,7027
CANBERRA,2018,12,115000,123327,2230,4649,238327,6879
CANBERRA,2019,1,106793,94755,3290,3445,201548,6735
CANBERRA,2019,2,120670,118342,2839,2678,239012,5517
CANBERRA,2019,3,135197,135475,2592,3492,270672,6084
CANBERRA,2019,4,127461,127899,2811,4239,255360,7050
CANBERRA,2019,5,130101,132847,2984,4365,262948,7349
CANBERRA,2019,6,125376,126024,3333,4545,251400,7878
CANBERRA,2019,7,140844,137122,4168,4227,277966,8395
CANBERRA,2019,8,138130,139859,3174,4067,277989,7241
CANBERRA,2019,9,140824,139184,3471,4559,280008,8030
CANBERRA,2019,10,150608,147522,3777,3557,298130,7334
CANBERRA,2019,11,143066,144165,2813,3718,287231,6531
CANBERRA,2019,12,120748,130031,2478,4447,250779,6925
CANBERRA,2020,1,107782,97761,2617,3087,205543,5704
CANBERRA,2020,2,121940,117645,2265,2279,239585,4544
CANBERRA,2020,3,77060,74706,1471,1174,151766,2645
CANBERRA,2020,4,2044,2334,0,0,4378,0
CANBERRA,2020,5,2891,2827,0,0,5718,0
CANBERRA,2020,6,6861,6484,0,0,13345,0
CANBERRA,2020,7,10723,11907,0,0,22630,0
CANBERRA,2020,8,7072,6437,0,0,13509,0
CANBERRA,2020,9,6167,7122,0,0,13289,0
CANBERRA,2020,10,22103,23072,0,0,45175,0
CANBERRA,2020,11,34173,34250,118,0,68423,118
CANBERRA,2020,12,51306,61312,0,0,112618,0
CANBERRA,2021,1,52681,44013,0,0,96694,0
CANBERRA,2021,2,46159,46671,0,0,92830,0
CANBERRA,2021,3,65604,66221,137,0,131825,137
CANBERRA,2021,4,73731,73864,0,0,147595,0
CANBERRA,2021,5,81032,82567,0,0,163599,0
CANBERRA,2021,6,67280,69125,0,0,136405,0
CANBERRA,2021,7,35607,33190,0,0,68797,0
CANBERRA,2021,8,7057,5713,0,0,12770,0
CANBERRA,2021,9,1854,1642,0,0,3496,0
CANBERRA,2021,10,2074,2484,0,0,4558,0
CANBERRA,2021,11,24218,23996,0,0,48214,0
CANBERRA,2021,12,53095,64004,0,0,117099,0
CANBERRA,2022,1,54401,45340,0,0,99741,0
CANBERRA,2022,2,56774,56165,0,0,112939,0
CANBERRA,2022,3,88227,88613,0,0,176840,0
CANBERRA,2022,4,104174,106801,0,0,210975,0
CANBERRA,2022,5,105704,106083,0,0,211787,0
CANBERRA,2022,6,108136,110827,0,0,218963,0
CANBERRA,2022,7,121068,119187,0,0,240255,0
CANBERRA,2022,8,111703,109761,0,0,221464,0
CANBERRA,2022,9,114412,119407,0,0,233819,0
CANBERRA,2022,10,125573,119439,0,0,245012,0
CANBERRA,2022,11,123665,122061,0,0,245726,0
CANBERRA,2022,12,103818,116268,0,0,220086,0
CANBERRA,2023,1,98797,86077,0,0,184874,0
CANBERRA,2023,2,100579,98249,0,0,198828,0
CANBERRA,2023,3,120774,122673,0,0,243447,0
CANBERRA,2023,4,110403,108661,105,72,219064,177
CANBERRA,2023,5,115035,115972,0,0,231007,0
CANBERRA,2023,6,111779,116283,0,0,228062,0
CANBERRA,2023,7,121023,116196,318,203,237219,521
CANBERRA,2023,8,119065,120265,802,874,239330,1676
CANBERRA,2023,9,119580,122742,940,1059,242322,1999
CANBERRA,2023,10,127977,120158,1234,1379,248135,2613
CANBERRA,2023,11,129008,129404,983,1183,258412,2166
CANBERRA,2023,12,107915,118735,1568,1360,226650,2928
CANBERRA,2024,1,99608,88844,1235,1767,188452,3002
CANBERRA,2024,2,111444,108941,544,707,220385,1251
CANBERRA,2024,3,121366,123362,1001,927,244728,1928
CANBERRA,2024,4,113579,114353,1140,1177,227932,2317
DARWIN,2009,1,48063,43362,10356,6373,91425,16729
DARWIN,2009,2,36513,38153,6589,4231,74666,10820
DARWIN,2009,3,44423,43605,5113,5276,88028,10389
DARWIN,2009,4,54008,53083,7744,7085,107091,14829
DARWIN,2009,5,59998,58394,8422,8485,118392,16907
DARWIN,2009,6,66180,65174,8809,9617,131354,18426
DARWIN,2009,7,72086,73153,11331,8167,145239,19498
DARWIN,2009,8,65829,68777,9252,9866,134606,19118
DARWIN,2009,9,62026,62687,9437,8716,124713,18153
DARWIN,2009,10,55456,61195,9885,7547,116651,17432
DARWIN,2009,11,48126,49180,8305,7371,97306,15676
DARWIN,2009,12,47587,50893,6700,11065,98480,17765
DARWIN,2010,1,49033,45706,12438,7021,94739,19459
DARWIN,2010,2,40680,42137,7671,5946,82817,13617
DARWIN,2010,3,52040,51606,7223,6848,103646,14071
DARWIN,2010,4,56009,54454,8722,8067,110463,16789
DARWIN,2010,5,59942,58547,8980,8182,118489,17162
DARWIN,2010,6,68101,64828,9032,10053,132929,19085
DARWIN,2010,7,77612,78928,12432,10236,156540,22668
DARWIN,2010,8,71205,73913,9930,10517,145118,20447
DARWIN,2010,9,68599,69156,10104,9608,137755,19712
DARWIN,2010,10,61561,66232,10326,7948,127793,18274
DARWIN,2010,11,51484,52956,8202,7770,104440,15972
DARWIN,2010,12,51494,58703,7376,12373,110197,19749
DARWIN,2011,1,55293,48768,15893,9594,104061,25487
DARWIN,2011,2,38684,40291,9685,8793,78975,18478
DARWIN,2011,3,50909,51066,10698,9766,101975,20464
DARWIN,2011,4,59134,57886,11843,11649,117020,23492
DARWIN,2011,5,61808,59126,12126,10980,120934,23106
DARWIN,2011,6,66655,63831,11490,12875,130486,24365
DARWIN,2011,7,94294,94188,17228,16951,188482,34179
DARWIN,2011,8,82073,86379,14244,16475,168452,30719
DARWIN,2011,9,76464,75476,14384,16426,151940,30810
DARWIN,2011,10,74984,77772,16324,16065,152756,32389
DARWIN,2011,11,66991,67348,14519,16635,134339,31154
DARWIN,2011,12,63483,71878,12214,20078,135361,32292
DARWIN,2012,1,68388,60334,19497,14371,128722,33868
DARWIN,2012,2,53813,55491,13713,12071,109304,25784
DARWIN,2012,3,63537,62277,12657,13290,125814,25947
DARWIN,2012,4,67753,65371,13086,14062,133124,27148
DARWIN,2012,5,68975,67402,12099,12321,136377,24420
DARWIN,2012,6,78831,73034,12603,15897,151865,28500
DARWIN,2012,7,86207,88760,17574,15555,174967,33129
DARWIN,2012,8,77942,81287,13355,14200,159229,27555
DARWIN,2012,9,71178,72489,12534,12692,143667,25226
DARWIN,2012,10,64444,70909,14405,12751,135353,27156
DARWIN,2012,11,59865,63198,11167,12510,123063,23677
DARWIN,2012,12,55534,66863,9045,17259,122397,26304
DARWIN,2013,1,62540,57093,15897,12096,119633,27993
DARWIN,2013,2,46455,51578,11276,10209,98033,21485
DARWIN,2013,3,64627,62391,11665,12739,127018,24404
DARWIN,2013,4,70025,67143,13150,13090,137168,26240
DARWIN,2013,5,69754,66386,11902,12238,136140,24140
DARWIN,2013,6,77202,73766,11490,14233,150968,25723
DARWIN,2013,7,85730,91046,17711,15892,176776,33603
DARWIN,2013,8,78518,86863,14709,16044,165381,30753
DARWIN,2013,9,77078,76640,15175,14947,153718,30122
DARWIN,2013,10,76345,84183,16029,14077,160528,30106
DARWIN,2013,11,62843,66689,12889,13846,129532,26735
DARWIN,2013,12,62425,72740,10761,21152,135165,31913
DARWIN,2014,1,68673,59642,20907,13760,128315,34667
DARWIN,2014,2,51884,54504,12288,10867,106388,23155
DARWIN,2014,3,62953,62152,12264,11944,125105,24208
DARWIN,2014,4,74805,72966,10904,11950,147771,22854
DARWIN,2014,5,74481,73042,11129,12017,147523,23146
DARWIN,2014,6,90436,84191,12073,15491,174627,27564
DARWIN,2014,7,94921,97274,16732,14403,192195,31135
DARWIN,2014,8,87423,91411,14429,15917,178834,30346
DARWIN,2014,9,79779,81259,13861,13879,161038,27740
DARWIN,2014,10,78438,83022,14688,12566,161460,27254
DARWIN,2014,11,66034,68759,10563,11258,134793,21821
DARWIN,2014,12,62920,77493,8816,15964,140413,24780
DARWIN,2015,1,69503,57368,15839,9890,126871,25729
DARWIN,2015,2,52098,53095,10012,8779,105193,18791
DARWIN,2015,3,65149,63427,9928,10166,128576,20094
DARWIN,2015,4,74927,71880,10371,9647,146807,20018
DARWIN,2015,5,76197,73855,10489,10953,150052,21442
DARWIN,2015,6,88982,83047,10295,12773,172029,23068
DARWIN,2015,7,97542,100915,14992,12248,198457,27240
DARWIN,2015,8,85948,91755,11491,12008,177703,23499
DARWIN,2015,9,82773,82494,10797,10482,165267,21279
DARWIN,2015,10,75128,81496,11222,9569,156624,20791
DARWIN,2015,11,67178,68458,9269,9372,135636,18641
DARWIN,2015,12,60543,75501,8199,13996,136044,22195
DARWIN,2016,1,69963,56451,14691,10021,126414,24712
DARWIN,2016,2,53598,54994,9106,7612,108592,16718
DARWIN,2016,3,66369,66209,8824,9100,132578,17924
DARWIN,2016,4,73084,71795,9808,10021,144879,19829
DARWIN,2016,5,77991,74579,10481,11275,152570,21756
DARWIN,2016,6,90624,84174,10734,13149,174798,23883
DARWIN,2016,7,97118,98221,15791,13694,195339,29485
DARWIN,2016,8,86449,93385,12553,12772,179834,25325
DARWIN,2016,9,82167,83178,11777,12080,165345,23857
DARWIN,2016,10,81098,85102,12234,11149,166200,23383
DARWIN,2016,11,69322,70127,9560,9637,139449,19197
DARWIN,2016,12,63916,77790,8924,17076,141706,26000
DARWIN,2017,1,73163,61620,17466,11510,134783,28976
DARWIN,2017,2,53766,54788,10799,7972,108554,18771
DARWIN,2017,3,67319,65572,9524,9890,132891,19414
DARWIN,2017,4,73820,73730,11407,11660,147550,23067
DARWIN,2017,5,77086,72354,10377,10756,149440,21133
DARWIN,2017,6,89615,83613,11386,14142,173228,25528
DARWIN,2017,7,96791,99647,14671,13244,196438,27915
DARWIN,2017,8,90820,93937,11606,12589,184757,24195
DARWIN,2017,9,80377,81831,11525,10651,162208,22176
DARWIN,2017,10,78841,82495,11330,10565,161336,21895
DARWIN,2017,11,68432,70673,9446,9662,139105,19108
DARWIN,2017,12,63841,75420,8449,14230,139261,22679
DARWIN,2018,1,71306,60705,15625,10304,132011,25929
DARWIN,2018,2,52433,53191,8919,7364,105624,16283
DARWIN,2018,3,64602,65239,7718,8106,129841,15824
DARWIN,2018,4,72393,70218,9102,9005,142611,18107
DARWIN,2018,5,76202,74029,7979,8184,150231,16163
DARWIN,2018,6,84518,80484,9976,10931,165002,20907
DARWIN,2018,7,96710,100013,10465,9930,196723,20395
DARWIN,2018,8,86310,91491,10085,10455,177801,20540
DARWIN,2018,9,81111,82002,9327,9011,163113,18338
DARWIN,2018,10,74963,80197,9424,8537,155160,17961
DARWIN,2018,11,62541,64400,8426,8618,126941,17044
DARWIN,2018,12,59703,70480,7985,13115,130183,21100
DARWIN,2019,1,65415,56170,13501,9880,121585,23381
DARWIN,2019,2,51741,52055,9136,6754,103796,15890
DARWIN,2019,3,60587,59296,7932,7402,119883,15334
DARWIN,2019,4,73370,70662,10018,10067,144032,20085
DARWIN,2019,5,73588,71246,10481,11013,144834,21494
DARWIN,2019,6,83691,79376,10830,12907,163067,23737
DARWIN,2019,7,93885,97733,14178,11800,191618,25978
DARWIN,2019,8,85090,90369,12323,12564,175459,24887
DARWIN,2019,9,77127,78844,11655,11409,155971,23064
DARWIN,2019,10,74434,79762,11996,9762,154196,21758
DARWIN,2019,11,60776,63808,9006,9238,124584,18244
DARWIN,2019,12,60593,67842,7543,14635,128435,22178
DARWIN,2020,1,64657,56560,15026,10712,121217,25738
DARWIN,2020,2,48141,50081,8685,5674,98222,14359
DARWIN,2020,3,41355,39999,4342,2910,81354,7252
DARWIN,2020,4,3401,3309,0,0,6710,0
DARWIN,2020,5,3014,2736,0,0,5750,0
DARWIN,2020,6,6728,6568,0,0,13296,0
DARWIN,2020,7,14237,12332,0,0,26569,0
DARWIN,2020,8,19355,19061,0,0,38416,0
DARWIN,2020,9,25754,24295,0,0,50049,0
DARWIN,2020,10,31623,33532,0,0,65155,0
DARWIN,2020,11,31186,33267,63,4,64453,67
DARWIN,2020,12,38497,45294,8,0,83791,8
DARWIN,2021,1,40399,38445,0,0,78844,0
DARWIN,2021,2,27246,29308,0,0,56554,0
DARWIN,2021,3,41072,41479,0,0,82551,0
DARWIN,2021,4,58960,57078,0,0,116038,0
DARWIN,2021,5,64413,62995,0,0,127408,0
DARWIN,2021,6,59264,60502,0,0,119766,0
DARWIN,2021,7,45513,45924,0,0,91437,0
DARWIN,2021,8,38962,45706,0,0,84668,0
DARWIN,2021,9,47173,50023,0,0,97196,0
DARWIN,2021,10,44302,51407,0,0,95709,0
DARWIN,2021,11,27062,31216,887,181,58278,1068
DARWIN,2021,12,27859,36036,1003,679,63895,1682
DARWIN,2022,1,33550,27956,1128,672,61506,1800
DARWIN,2022,2,25989,27998,1800,858,53987,2658
DARWIN,2022,3,43814,44414,2796,1979,88228,4775
DARWIN,2022,4,69585,67980,4633,4999,137565,9632
DARWIN,2022,5,74594,70583,5768,6601,145177,12369
DARWIN,2022,6,87873,78844,6072,7727,166717,13799
DARWIN,2022,7,93673,97593,8642,7711,191266,16353
DARWIN,2022,8,77807,83209,7483,6757,161016,14240
DARWIN,2022,9,76708,80271,6289,6134,156979,12423
DARWIN,2022,10,71747,76723,6707,5765,148470,12472
DARWIN,2022,11,57288,59696,7064,6823,116984,13887
DARWIN,2022,12,52909,64556,5409,7952,117465,13361
DARWIN,2023,1,57714,49886,7777,6134,107600,13911
DARWIN,2023,2,43558,43549,6650,5164,87107,11814
DARWIN,2023,3,57575,55273,6237,5577,112848,11814
DARWIN,2023,4,67366,64435,6319,6734,131801,13053
DARWIN,2023,5,72768,69623,6474,6504,142391,12978
DARWIN,2023,6,82253,75790,6842,7183,158043,14025
DARWIN,2023,7,87172,90824,8697,8406,177996,17103
DARWIN,2023,8,80462,84572,8403,8207,165034,16610
DARWIN,2023,9,74658,78849,8317,7713,153507,16030
DARWIN,2023,10,69188,71688,5792,4943,140876,10735
DARWIN,2023,11,53752,55591,7317,7608,109343,14925
DARWIN,2023,12,52349,62568,6170,8556,114917,14726
DARWIN,2024,1,58692,51559,8647,6677,110251,15324
DARWIN,2024,2,47084,47414,7541,6586,94498,14127
DARWIN,2024,3,55733,54290,7612,7730,110023,15342
DARWIN,2024,4,65696,62112,8507,8090,127808,16597
GOLD COAST,2009,1,195206,199577,27096,24424,394783,51520
GOLD COAST,2009,2,154912,155895,22327,20925,310807,43252
GOLD COAST,2009,3,176763,175727,24079,23976,352490,48055
GOLD COAST,2009,4,176219,177224,23212,22039,353443,45251
GOLD COAST,2009,5,165641,166003,23809,25504,331644,49313
GOLD COAST,2009,6,156077,153760,20573,21830,309837,42403
GOLD COAST,2009,7,182386,181734,25121,23157,364120,48278
GOLD COAST,2009,8,179302,176975,27415,29116,356277,56531
GOLD COAST,2009,9,188200,182860,30521,31368,371060,61889
GOLD COAST,2009,10,193845,197470,30399,31251,391315,61650
GOLD COAST,2009,11,178007,179600,30037,32235,357607,62272
GOLD COAST,2009,12,179311,173742,31049,34869,353053,65918
GOLD COAST,2010,1,194353,200699,34977,33841,395052,68818
GOLD COAST,2010,2,181699,179840,31244,31266,361539,62510
GOLD COAST,2010,3,198637,194526,35150,36218,393163,71368
GOLD COAST,2010,4,193045,197697,31212,29531,390742,60743
GOLD COAST,2010,5,181410,182011,26191,28175,363421,54366
GOLD COAST,2010,6,181333,177531,27027,28564,358864,55591
GOLD COAST,2010,7,208794,210106,33974,29982,418900,63956
GOLD COAST,2010,8,193943,195166,34085,37628,389109,71713
GOLD COAST,2010,9,211674,201192,32551,35732,412866,68283
GOLD COAST,2010,10,207738,213135,33635,33355,420873,66990
GOLD COAST,2010,11,200935,204002,30669,35394,404937,66063
GOLD COAST,2010,12,214564,205921,34186,42082,420485,76268
GOLD COAST,2011,1,232797,249492,41804,37522,482289,79326
GOLD COAST,2011,2,168188,173197,32924,31144,341385,64068
GOLD COAST,2011,3,185830,187395,32255,30531,373225,62786
GOLD COAST,2011,4,192240,187386,27558,26353,379626,53911
GOLD COAST,2011,5,170531,173866,26231,27520,344397,53751
GOLD COAST,2011,6,164516,161764,21118,23467,326280,44585
GOLD COAST,2011,7,197540,193552,28041,25173,391092,53214
GOLD COAST,2011,8,180526,179493,30677,31499,360019,62176
GOLD COAST,2011,9,194819,184970,24972,28808,379789,53780
GOLD COAST,2011,10,201561,206303,31390,28441,407864,59831
GOLD COAST,2011,11,192047,193521,28281,30597,385568,58878
GOLD COAST,2011,12,211701,198065,31054,38503,409766,69557
GOLD COAST,2012,1,218113,225797,37778,34394,443910,72172
GOLD COAST,2012,2,176145,181526,31505,29558,357671,61063
GOLD COAST,2012,3,198257,194928,31081,32987,393185,64068
GOLD COAST,2012,4,193298,198991,30159,28698,392289,58857
GOLD COAST,2012,5,169383,168416,24579,24653,337799,49232
GOLD COAST,2012,6,173581,169033,29426,32750,342614,62176
GOLD COAST,2012,7,203728,206186,40614,34658,409914,75272
GOLD COAST,2012,8,193980,195043,36010,37046,389023,73056
GOLD COAST,2012,9,227752,215788,33105,38179,443540,71284
GOLD COAST,2012,10,226551,236294,39394,36229,462845,75623
GOLD COAST,2012,11,213335,215989,35806,36323,429324,72129
GOLD COAST,2012,12,230683,222088,39944,49548,452771,89492
GOLD COAST,2013,1,227975,237676,46240,41993,465651,88233
GOLD COAST,2013,2,176245,181560,37372,33017,357805,70389
GOLD COAST,2013,3,201349,198297,37409,39839,399646,77248
GOLD COAST,2013,4,202809,210613,34455,31352,413422,65807
GOLD COAST,2013,5,170309,172736,30224,30757,343045,60981
GOLD COAST,2013,6,178104,177383,29774,33248,355487,63022
GOLD COAST,2013,7,211763,213706,38532,32125,425469,70657
GOLD COAST,2013,8,197325,199710,35168,36545,397035,71713
GOLD COAST,2013,9,220798,208414,32323,36023,429212,68346
GOLD COAST,2013,10,229553,237503,38248,34129,467056,72377
GOLD COAST,2013,11,197351,201785,33713,34421,399136,68134
GOLD COAST,2013,12,229436,219869,39707,48291,449305,87998
GOLD COAST,2014,1,233478,248687,49373,43639,482165,93012
GOLD COAST,2014,2,175850,180341,38138,35156,356191,73294
GOLD COAST,2014,3,196731,198767,37933,37464,395498,75397
GOLD COAST,2014,4,199982,201778,35779,32787,401760,68566
GOLD COAST,2014,5,176988,177180,31216,29173,354168,60389
GOLD COAST,2014,6,176731,174501,31391,34036,351232,65427
GOLD COAST,2014,7,213989,214951,41936,35206,428940,77142
GOLD COAST,2014,8,199892,203361,35563,37014,403253,72577
GOLD COAST,2014,9,219163,209110,33293,35862,428273,69155
GOLD COAST,2014,10,235350,240190,38397,34072,475540,72469
GOLD COAST,2014,11,205695,206609,33719,35565,412304,69284
GOLD COAST,2014,12,233645,224884,38278,45981,458529,84259
GOLD COAST,2015,1,228760,247455,47430,40477,476215,87907
GOLD COAST,2015,2,176481,180128,35098,32950,356609,68048
GOLD COAST,2015,3,201680,198263,37413,35449,399943,72862
GOLD COAST,2015,4,204814,211335,37202,34068,416149,71270
GOLD COAST,2015,5,182778,184034,34086,31677,366812,65763
GOLD COAST,2015,6,186821,179078,32051,36170,365899,68221
GOLD COAST,2015,7,223508,227796,49303,40515,451304,89818
GOLD COAST,2015,8,205291,207141,37253,37977,412432,75230
GOLD COAST,2015,9,233558,221191,40579,42342,454749,82921
GOLD COAST,2015,10,236242,241794,45123,40934,478036,86057
GOLD COAST,2015,11,212679,218157,38050,40108,430836,78158
GOLD COAST,2015,12,242367,230040,45218,51494,472407,96712
GOLD COAST,2016,1,247220,268967,52344,43905,516187,96249
GOLD COAST,2016,2,197007,202951,42775,36302,399958,79077
GOLD COAST,2016,3,219004,218426,46336,44337,437430,90673
GOLD COAST,2016,4,213036,219439,45883,39557,432475,85440
GOLD COAST,2016,5,190164,193810,40725,37346,383974,78071
GOLD COAST,2016,6,195060,186355,40144,43653,381415,83797
GOLD COAST,2016,7,232007,236570,59466,47514,468577,106980
GOLD COAST,2016,8,210580,215272,47794,48410,425852,96204
GOLD COAST,2016,9,236038,225191,48322,48558,461229,96880
GOLD COAST,2016,10,241097,246926,48289,44655,488023,92944
GOLD COAST,2016,11,217585,221922,41995,42664,439507,84659
GOLD COAST,2016,12,246168,236962,48627,53957,483130,102584
GOLD COAST,2017,1,249932,269342,57691,46200,519274,103891
GOLD COAST,2017,2,190703,196827,42614,36458,387530,79072
GOLD COAST,2017,3,215154,212372,44795,42345,427526,87140
GOLD COAST,2017,4,230176,233720,48791,45433,463896,94224
GOLD COAST,2017,5,197532,199078,40980,37658,396610,78638
GOLD COAST,2017,6,198253,192782,39900,41871,391035,81771
GOLD COAST,2017,7,240788,238372,53245,42828,479160,96073
GOLD COAST,2017,8,210013,214791,45310,44960,424804,90270
GOLD COAST,2017,9,236713,223207,43479,44284,459920,87763
GOLD COAST,2017,10,240741,252165,49333,44902,492906,94235
GOLD COAST,2017,11,226173,228215,41391,43142,454388,84533
GOLD COAST,2017,12,256458,245478,48111,54377,501936,102488
GOLD COAST,2018,1,262917,283349,55665,47400,546266,103065
GOLD COAST,2018,2,198220,201132,41025,37190,399352,78215
GOLD COAST,2018,3,229124,222321,44258,44035,451445,88293
GOLD COAST,2018,4,234754,242712,48166,42169,477466,90335
GOLD COAST,2018,5,195129,197669,38091,36695,392798,74786
GOLD COAST,2018,6,198752,191807,39070,41285,390559,80355
GOLD COAST,2018,7,238435,239301,50439,43182,477736,93621
GOLD COAST,2018,8,222751,224919,43070,42826,447670,85896
GOLD COAST,2018,9,232596,223958,38337,40845,456554,79182
GOLD COAST,2018,10,239357,247668,44146,42429,487025,86575
GOLD COAST,2018,11,223284,223640,35905,37921,446924,73826
GOLD COAST,2018,12,249216,238173,41245,49804,487389,91049
GOLD COAST,2019,1,262601,279573,50028,45595,542174,95623
GOLD COAST,2019,2,190989,197259,37158,33065,388248,70223
GOLD COAST,2019,3,213949,211594,37533,36254,425543,73787
GOLD COAST,2019,4,238715,240862,41791,39330,479577,81121
GOLD COAST,2019,5,202593,203317,33718,31341,405910,65059
GOLD COAST,2019,6,203236,198016,34422,37429,401252,71851
GOLD COAST,2019,7,247576,248958,46702,39113,496534,85815
GOLD COAST,2019,8,222730,225565,38835,39005,448295,77840
GOLD COAST,2019,9,241442,230758,36132,37885,472200,74017
GOLD COAST,2019,10,255381,265431,40033,37218,520812,77251
GOLD COAST,2019,11,225477,231244,34509,35596,456721,70105
GOLD COAST,2019,12,261555,244787,45674,52629,506342,98303
GOLD COAST,2020,1,262457,276137,52235,47115,538594,99350
GOLD COAST,2020,2,185735,189523,36789,32871,375258,69660
GOLD COAST,2020,3,127307,137163,20412,18038,264470,38450
GOLD COAST,2020,4,596,922,0,0,1518,0
GOLD COAST,2020,5,1025,1272,0,0,2297,0
GOLD COAST,2020,6,2252,2837,0,0,5089,0
GOLD COAST,2020,7,21997,19649,0,0,41646,0
GOLD COAST,2020,8,4075,5636,0,0,9711,0
GOLD COAST,2020,9,10057,10035,0,284,20092,284
GOLD COAST,2020,10,16042,15400,0,0,31442,0
GOLD COAST,2020,11,17802,18453,0,0,36255,0
GOLD COAST,2020,12,101843,86257,0,0,188100,0
GOLD COAST,2021,1,86476,106520,0,0,192996,0
GOLD COAST,2021,2,78519,81407,0,0,159926,0
GOLD COAST,2021,3,142324,138815,0,0,281139,0
GOLD COAST,2021,4,197500,199954,1797,2603,397454,4400
GOLD COAST,2021,5,186483,185124,7460,6807,371607,14267
GOLD COAST,2021,6,119201,117418,8198,7736,236619,15934
GOLD COAST,2021,7,43177,52264,4205,5438,95441,9643
GOLD COAST,2021,8,5901,6584,0,0,12485,0
GOLD COAST,2021,9,12427,12573,0,0,25000,0
GOLD COAST,2021,10,12556,13379,0,0,25935,0
GOLD COAST,2021,11,17318,18011,0,0,35329,0
GOLD COAST,2021,12,119880,85001,0,0,204881,0
GOLD COAST,2022,1,182877,202648,0,0,385525,0
GOLD COAST,2022,2,151862,151166,301,124,303028,425
GOLD COAST,2022,3,196849,199365,2983,3031,396214,6014
GOLD COAST,2022,4,270544,269351,8060,7695,539895,15755
GOLD COAST,2022,5,217755,220808,9571,8649,438563,18220
GOLD COAST,2022,6,231105,221148,15210,16385,452253,31595
GOLD COAST,2022,7,243878,245747,26229,22633,489625,48862
GOLD COAST,2022,8,216702,218038,25503,25076,434740,50579
GOLD COAST,2022,9,232538,227367,26255,26290,459905,52545
GOLD COAST,2022,10,237083,237880,27812,26387,474963,54199
GOLD COAST,2022,11,231294,233057,28108,29278,464351,57386
GOLD COAST,2022,12,243465,234968,27094,28518,478433,55612
GOLD COAST,2023,1,248670,261906,32363,28659,510576,61022
GOLD COAST,2023,2,188231,187276,28225,26802,375507,55027
GOLD COAST,2023,3,211524,213378,30936,30210,424902,61146
GOLD COAST,2023,4,229806,228478,39214,36705,458284,75919
GOLD COAST,2023,5,205362,205698,32887,30946,411060,63833
GOLD COAST,2023,6,209560,201489,35099,37464,411049,72563
GOLD COAST,2023,7,238507,241729,43785,36661,480236,80446
GOLD COAST,2023,8,218772,220353,34098,33112,439125,67210
GOLD COAST,2023,9,244452,236402,36804,37399,480854,74203
GOLD COAST,2023,10,240543,246162,36152,33809,486705,69961
GOLD COAST,2023,11,229172,231813,25198,26729,460985,51927
GOLD COAST,2023,12,257085,243178,26944,30423,500263,57367
GOLD COAST,2024,1,258128,275765,32659,29658,533893,62317
GOLD COAST,2024,2,212791,214004,23412,22061,426795,45473
GOLD COAST,2024,3,242625,236651,23851,23870,479276,47721
GOLD COAST,2024,4,243096,248009,30213,26508,491105,56721
HAMILTON ISLAND,2009,1,19233,21400,0,0,40633,0
HAMILTON ISLAND,2009,2,13441,13381,0,0,26822,0
HAMILTON ISLAND,2009,3,16418,16376,0,0,32794,0
HAMILTON ISLAND,2009,4,17439,17532,0,0,34971,0
HAMILTON ISLAND,2009,5,14959,15330,0,0,30289,0
HAMILTON ISLAND,2009,6,15081,14625,0,0,29706,0
HAMILTON ISLAND,2009,7,19347,19839,0,0,39186,0
HAMILTON ISLAND,2009,8,20162,20478,0,0,40640,0
HAMILTON ISLAND,2009,9,23005,22603,0,0,45608,0
HAMILTON ISLAND,2009,10,24217,24561,0,0,48778,0
HAMILTON ISLAND,2009,11,22397,22966,0,0,45363,0
HAMILTON ISLAND,2009,12,21234,20414,0,0,41648,0
HAMILTON ISLAND,2010,1,21471,23160,0,0,44631,0
HAMILTON ISLAND,2010,2,16794,16718,0,0,33512,0
HAMILTON ISLAND,2010,3,17924,17626,0,0,35550,0
HAMILTON ISLAND,2010,4,19470,19653,0,0,39123,0
HAMILTON ISLAND,2010,5,15711,16409,0,0,32120,0
HAMILTON ISLAND,2010,6,16377,15523,0,0,31900,0
HAMILTON ISLAND,2010,7,19521,20456,0,0,39977,0
HAMILTON ISLAND,2010,8,20111,20047,0,0,40158,0
HAMILTON ISLAND,2010,9,22709,21122,0,0,43831,0
HAMILTON ISLAND,2010,10,23376,24636,0,0,48012,0
HAMILTON ISLAND,2010,11,21799,22621,0,0,44420,0
HAMILTON ISLAND,2010,12,22647,21194,0,0,43841,0
HAMILTON ISLAND,2011,1,20297,23727,0,0,44024,0
HAMILTON ISLAND,2011,2,12751,12155,0,0,24906,0
HAMILTON ISLAND,2011,3,16346,16232,0,0,32578,0
HAMILTON ISLAND,2011,4,19114,18848,0,0,37962,0
HAMILTON ISLAND,2011,5,14177,15277,0,0,29454,0
HAMILTON ISLAND,2011,6,14850,13628,0,0,28478,0
HAMILTON ISLAND,2011,7,19457,19650,0,0,39107,0
HAMILTON ISLAND,2011,8,19876,19779,0,0,39655,0
HAMILTON ISLAND,2011,9,23094,21284,0,0,44378,0
HAMILTON ISLAND,2011,10,22886,24516,0,0,47402,0
HAMILTON ISLAND,2011,11,21386,22319,0,0,43705,0
HAMILTON ISLAND,2011,12,21111,19668,0,0,40779,0
HAMILTON ISLAND,2012,1,19546,22017,0,0,41563,0
HAMILTON ISLAND,2012,2,13543,13827,0,0,27370,0
HAMILTON ISLAND,2012,3,16254,15380,0,0,31634,0
HAMILTON ISLAND,2012,4,18323,18765,0,0,37088,0
HAMILTON ISLAND,2012,5,14535,15003,0,0,29538,0
HAMILTON ISLAND,2012,6,16231,14644,0,0,30875,0
HAMILTON ISLAND,2012,7,17730,18047,0,0,35777,0
HAMILTON ISLAND,2012,8,18029,17452,0,0,35481,0
HAMILTON ISLAND,2012,9,21942,20358,0,0,42300,0
HAMILTON ISLAND,2012,10,21947,22979,0,0,44926,0
HAMILTON ISLAND,2012,11,21088,21290,0,0,42378,0
HAMILTON ISLAND,2012,12,21496,20261,0,0,41757,0
HAMILTON ISLAND,2013,1,19124,21253,0,0,40377,0
HAMILTON ISLAND,2013,2,15268,15134,0,0,30402,0
HAMILTON ISLAND,2013,3,17792,16657,0,0,34449,0
HAMILTON ISLAND,2013,4,17849,18928,0,0,36777,0
HAMILTON ISLAND,2013,5,15088,15102,0,0,30190,0
HAMILTON ISLAND,2013,6,16694,15212,0,0,31906,0
HAMILTON ISLAND,2013,7,17875,19112,0,0,36987,0
HAMILTON ISLAND,2013,8,20422,19647,0,0,40069,0
HAMILTON ISLAND,2013,9,23283,21927,0,0,45210,0
HAMILTON ISLAND,2013,10,23693,24577,0,0,48270,0
HAMILTON ISLAND,2013,11,22775,22928,0,0,45703,0
HAMILTON ISLAND,2013,12,23009,21951,0,0,44960,0
HAMILTON ISLAND,2014,1,21333,23441,0,0,44774,0
HAMILTON ISLAND,2014,2,17279,17282,0,0,34561,0
HAMILTON ISLAND,2014,3,17274,17414,0,0,34688,0
HAMILTON ISLAND,2014,4,18407,18367,0,0,36774,0
HAMILTON ISLAND,2014,5,16644,16586,0,0,33230,0
HAMILTON ISLAND,2014,6,16873,15213,0,0,32086,0
HAMILTON ISLAND,2014,7,20478,21793,0,0,42271,0
HAMILTON ISLAND,2014,8,21538,21307,0,0,42845,0
HAMILTON ISLAND,2014,9,24516,22996,0,0,47512,0
HAMILTON ISLAND,2014,10,24055,25300,0,0,49355,0
HAMILTON ISLAND,2014,11,21743,22049,0,0,43792,0
HAMILTON ISLAND,2014,12,22916,21701,0,0,44617,0
HAMILTON ISLAND,2015,1,21515,24010,0,0,45525,0
HAMILTON ISLAND,2015,2,18129,17566,0,0,35695,0
HAMILTON ISLAND,2015,3,18788,18138,0,0,36926,0
HAMILTON ISLAND,2015,4,18567,19125,0,0,37692,0
HAMILTON ISLAND,2015,5,16356,16902,0,0,33258,0
HAMILTON ISLAND,2015,6,18103,16269,0,0,34372,0
HAMILTON ISLAND,2015,7,19019,19946,0,0,38965,0
HAMILTON ISLAND,2015,8,21042,21156,0,0,42198,0
HAMILTON ISLAND,2015,9,23255,21637,0,0,44892,0
HAMILTON ISLAND,2015,10,23315,24246,0,0,47561,0
HAMILTON ISLAND,2015,11,21629,22375,0,0,44004,0
HAMILTON ISLAND,2015,12,23727,21671,0,0,45398,0
HAMILTON ISLAND,2016,1,22617,24999,0,0,47616,0
HAMILTON ISLAND,2016,2,20744,20562,0,0,41306,0
HAMILTON ISLAND,2016,3,22312,20772,0,0,43084,0
HAMILTON ISLAND,2016,4,21842,22714,0,0,44556,0
HAMILTON ISLAND,2016,5,18880,20006,0,0,38886,0
HAMILTON ISLAND,2016,6,19262,17017,0,0,36279,0
HAMILTON ISLAND,2016,7,23290,24686,0,0,47976,0
HAMILTON ISLAND,2016,8,22826,23024,0,0,45850,0
HAMILTON ISLAND,2016,9,26244,24538,0,0,50782,0
HAMILTON ISLAND,2016,10,25971,27069,0,0,53040,0
HAMILTON ISLAND,2016,11,24398,25255,0,0,49653,0
HAMILTON ISLAND,2016,12,26315,24479,0,0,50794,0
HAMILTON ISLAND,2017,1,26590,29087,0,0,55677,0
HAMILTON ISLAND,2017,2,19690,20718,0,0,40408,0
HAMILTON ISLAND,2017,3,17665,18510,0,0,36175,0
HAMILTON ISLAND,2017,4,8954,7837,0,0,16791,0
HAMILTON ISLAND,2017,5,12495,12799,0,0,25294,0
HAMILTON ISLAND,2017,6,12601,11540,0,0,24141,0
HAMILTON ISLAND,2017,7,17069,17966,0,0,35035,0
HAMILTON ISLAND,2017,8,17459,17375,0,0,34834,0
HAMILTON ISLAND,2017,9,19922,18540,0,0,38462,0
HAMILTON ISLAND,2017,10,19266,20888,0,0,40154,0
HAMILTON ISLAND,2017,11,18585,18765,0,0,37350,0
HAMILTON ISLAND,2017,12,20167,19063,0,0,39230,0
HAMILTON ISLAND,2018,1,18523,20414,0,0,38937,0
HAMILTON ISLAND,2018,2,16593,16666,0,0,33259,0
HAMILTON ISLAND,2018,3,16672,15753,0,0,32425,0
HAMILTON ISLAND,2018,4,15867,16890,0,0,32757,0
HAMILTON ISLAND,2018,5,13253,13723,0,0,26976,0
HAMILTON ISLAND,2018,6,13797,13148,0,0,26945,0
HAMILTON ISLAND,2018,7,18537,19562,0,0,38099,0
HAMILTON ISLAND,2018,8,18498,18441,0,0,36939,0
HAMILTON ISLAND,2018,9,20506,19290,0,0,39796,0
HAMILTON ISLAND,2018,10,20146,21935,0,0,42081,0
HAMILTON ISLAND,2018,11,19180,19367,0,0,38547,0
HAMILTON ISLAND,2018,12,20924,19699,0,0,40623,0
HAMILTON ISLAND,2019,1,18734,21179,0,0,39913,0
HAMILTON ISLAND,2019,2,15354,15844,0,0,31198,0
HAMILTON ISLAND,2019,3,15182,15103,0,0,30285,0
HAMILTON ISLAND,2019,4,18466,18217,0,0,36683,0
HAMILTON ISLAND,2019,5,13986,14324,0,0,28310,0
HAMILTON ISLAND,2019,6,14973,13789,0,0,28762,0
HAMILTON ISLAND,2019,7,19871,20944,0,0,40815,0
HAMILTON ISLAND,2019,8,19838,19645,0,0,39483,0
HAMILTON ISLAND,2019,9,22853,21528,0,0,44381,0
HAMILTON ISLAND,2019,10,22524,24536,0,0,47060,0
HAMILTON ISLAND,2019,11,20579,20977,0,0,41556,0
HAMILTON ISLAND,2019,12,23078,21022,0,0,44100,0
HAMILTON ISLAND,2020,1,22712,25497,0,0,48209,0
HAMILTON ISLAND,2020,2,14231,14505,0,0,28736,0
HAMILTON ISLAND,2020,3,10071,12473,0,0,22544,0
HAMILTON ISLAND,2020,4,0,0,0,0,0,0
HAMILTON ISLAND,2020,5,0,0,0,0,0,0
HAMILTON ISLAND,2020,6,0,0,0,0,0,0
HAMILTON ISLAND,2020,7,254,103,0,0,357,0
HAMILTON ISLAND,2020,8,4259,3940,0,0,8199,0
HAMILTON ISLAND,2020,9,8241,7285,0,0,15526,0
HAMILTON ISLAND,2020,10,8730,9254,0,0,17984,0
HAMILTON ISLAND,2020,11,9643,9220,0,0,18863,0
HAMILTON ISLAND,2020,12,14690,13664,0,0,28354,0
HAMILTON ISLAND,2021,1,10317,12310,0,0,22627,0
HAMILTON ISLAND,2021,2,11631,10806,0,0,22437,0
HAMILTON ISLAND,2021,3,18225,17235,0,0,35460,0
HAMILTON ISLAND,2021,4,20772,20463,0,0,41235,0
HAMILTON ISLAND,2021,5,19954,21048,0,0,41002,0
HAMILTON ISLAND,2021,6,17249,16271,0,0,33520,0
HAMILTON ISLAND,2021,7,10794,13887,0,0,24681,0
HAMILTON ISLAND,2021,8,4340,4691,0,0,9031,0
HAMILTON ISLAND,2021,9,10406,9404,0,0,19810,0
HAMILTON ISLAND,2021,10,11625,12654,0,0,24279,0
HAMILTON ISLAND,2021,11,10789,10601,0,0,21390,0
HAMILTON ISLAND,2021,12,17026,14663,0,0,31689,0
HAMILTON ISLAND,2022,1,14446,16313,0,0,30759,0
HAMILTON ISLAND,2022,2,16502,16129,0,0,32631,0
HAMILTON ISLAND,2022,3,19756,19377,0,0,39133,0
HAMILTON ISLAND,2022,4,22722,22756,0,0,45478,0
HAMILTON ISLAND,2022,5,20748,21417,0,0,42165,0
HAMILTON ISLAND,2022,6,21297,19433,0,0,40730,0
HAMILTON ISLAND,2022,7,22580,24049,0,0,46629,0
HAMILTON ISLAND,2022,8,19831,20154,0,0,39985,0
HAMILTON ISLAND,2022,9,23457,21920,0,0,45377,0
HAMILTON ISLAND,2022,10,23848,25602,0,0,49450,0
HAMILTON ISLAND,2022,11,21402,22093,0,0,43495,0
HAMILTON ISLAND,2022,12,22644,21576,0,0,44220,0
HAMILTON ISLAND,2023,1,22244,25226,0,0,47470,0
HAMILTON ISLAND,2023,2,15672,16084,0,0,31756,0
HAMILTON ISLAND,2023,3,19639,19003,0,0,38642,0
HAMILTON ISLAND,2023,4,21237,21644,0,0,42881,0
HAMILTON ISLAND,2023,5,16799,17715,0,0,34514,0
HAMILTON ISLAND,2023,6,18886,16883,0,0,35769,0
HAMILTON ISLAND,2023,7,20977,22514,0,0,43491,0
HAMILTON ISLAND,2023,8,20181,20074,0,0,40255,0
HAMILTON ISLAND,2023,9,24692,23278,0,0,47970,0
HAMILTON ISLAND,2023,10,22003,24027,0,0,46030,0
HAMILTON ISLAND,2023,11,21715,21567,0,0,43282,0
HAMILTON ISLAND,2023,12,23138,21393,0,0,44531,0
HAMILTON ISLAND,2024,1,19849,22780,0,0,42629,0
HAMILTON ISLAND,2024,2,17969,17826,0,0,35795,0
HAMILTON ISLAND,2024,3,20464,18447,0,0,38911,0
HAMILTON ISLAND,2024,4,18993,20979,0,0,39972,0
HOBART,2009,1,88551,96258,0,0,184809,0
HOBART,2009,2,80226,77967,0,0,158193,0
HOBART,2009,3,85655,88241,0,0,173896,0
HOBART,2009,4,80504,81802,0,0,162306,0
HOBART,2009,5,71580,76766,0,0,148346,0
HOBART,2009,6,67913,64387,0,0,132300,0
HOBART,2009,7,69369,70328,0,0,139697,0
HOBART,2009,8,72844,73169,0,0,146013,0
HOBART,2009,9,77671,73040,0,0,150711,0
HOBART,2009,10,79255,78683,0,0,157938,0
HOBART,2009,11,78141,78185,0,0,156326,0
HOBART,2009,12,85143,78781,0,0,163924,0
HOBART,2010,1,82337,89740,0,0,172077,0
HOBART,2010,2,80480,77113,0,0,157593,0
HOBART,2010,3,83340,84388,0,0,167728,0
HOBART,2010,4,77541,81585,0,0,159126,0
HOBART,2010,5,70607,76458,0,0,147065,0
HOBART,2010,6,70837,66836,0,0,137673,0
HOBART,2010,7,70896,73702,0,0,144598,0
HOBART,2010,8,71393,72567,0,0,143960,0
HOBART,2010,9,79678,71781,0,0,151459,0
HOBART,2010,10,78044,78129,0,0,156173,0
HOBART,2010,11,80259,81028,0,0,161287,0
HOBART,2010,12,97986,85367,0,0,183353,0
HOBART,2011,1,92675,106709,0,0,199384,0
HOBART,2011,2,83321,79592,0,0,162913,0
HOBART,2011,3,87289,90641,0,0,177930,0
HOBART,2011,4,76354,80101,0,0,156455,0
HOBART,2011,5,69370,76509,0,0,145879,0
HOBART,2011,6,60645,59129,0,0,119774,0
HOBART,2011,7,67266,68520,0,0,135786,0
HOBART,2011,8,66258,68792,0,0,135050,0
HOBART,2011,9,74384,66544,0,0,140928,0
HOBART,2011,10,74678,75770,0,0,150448,0
HOBART,2011,11,76263,76813,0,0,153076,0
HOBART,2011,12,89010,78048,0,0,167058,0
HOBART,2012,1,84357,97944,0,0,182301,0
HOBART,2012,2,78675,76620,0,0,155295,0
HOBART,2012,3,81410,84749,0,0,166159,0
HOBART,2012,4,75329,78629,0,0,153958,0
HOBART,2012,5,66036,73834,0,0,139870,0
HOBART,2012,6,69742,64966,0,0,134708,0
HOBART,2012,7,69699,70926,0,0,140625,0
HOBART,2012,8,69350,70866,0,0,140216,0
HOBART,2012,9,82379,73729,0,0,156108,0
HOBART,2012,10,81473,84636,0,0,166109,0
HOBART,2012,11,91650,90863,0,0,182513,0
HOBART,2012,12,108100,93064,0,0,201164,0
HOBART,2013,1,95467,112438,0,0,207905,0
HOBART,2013,2,84575,84478,0,0,169053,0
HOBART,2013,3,96515,95278,0,0,191793,0
HOBART,2013,4,83602,94754,0,0,178356,0
HOBART,2013,5,74986,75030,0,0,150016,0
HOBART,2013,6,71412,71281,0,0,142693,0
HOBART,2013,7,81088,83784,0,0,164872,0
HOBART,2013,8,79622,80027,0,0,159649,0
HOBART,2013,9,81809,78832,0,0,160641,0
HOBART,2013,10,91869,89038,0,0,180907,0
HOBART,2013,11,91192,90315,0,0,181507,0
HOBART,2013,12,108502,95812,0,0,204314,0
HOBART,2014,1,99727,112709,0,0,212436,0
HOBART,2014,2,85952,85280,0,0,171232,0
HOBART,2014,3,94087,98207,0,0,192294,0
HOBART,2014,4,84171,90769,0,0,174940,0
HOBART,2014,5,76390,76964,0,0,153354,0
HOBART,2014,6,75294,75202,0,0,150496,0
HOBART,2014,7,82618,85222,0,0,167840,0
HOBART,2014,8,78837,79802,0,0,158639,0
HOBART,2014,9,81768,78408,0,0,160176,0
HOBART,2014,10,95303,91155,0,0,186458,0
HOBART,2014,11,94398,94140,0,0,188538,0
HOBART,2014,12,112735,98843,0,0,211578,0
HOBART,2015,1,105456,120299,0,0,225755,0
HOBART,2015,2,94081,91925,0,0,186006,0
HOBART,2015,3,97209,101984,0,0,199193,0
HOBART,2015,4,89654,94013,0,0,183667,0
HOBART,2015,5,79587,82903,0,0,162490,0
HOBART,2015,6,78217,77801,0,0,156018,0
HOBART,2015,7,84845,88470,0,0,173315,0
HOBART,2015,8,80594,80957,0,0,161551,0
HOBART,2015,9,86809,83347,0,0,170156,0
HOBART,2015,10,99361,94374,0,0,193735,0
HOBART,2015,11,99925,99671,0,0,199596,0
HOBART,2015,12,119726,107224,0,0,226950,0
HOBART,2016,1,108012,124464,0,0,232476,0
HOBART,2016,2,97978,97936,0,0,195914,0
HOBART,2016,3,104741,107306,0,0,212047,0
HOBART,2016,4,94140,102924,0,0,197064,0
HOBART,2016,5,86020,90531,0,0,176551,0
HOBART,2016,6,86667,86917,0,0,173584,0
HOBART,2016,7,90828,92811,0,0,183639,0
HOBART,2016,8,83265,85213,0,0,168478,0
HOBART,2016,9,94732,90362,0,0,185094,0
HOBART,2016,10,104258,101159,0,0,205417,0
HOBART,2016,11,103495,103545,0,0,207040,0
HOBART,2016,12,127433,113400,0,0,240833,0
HOBART,2017,1,118191,132076,0,0,250267,0
HOBART,2017,2,103325,102059,0,0,205384,0
HOBART,2017,3,107501,111737,0,0,219238,0
HOBART,2017,4,104746,109772,0,0,214518,0
HOBART,2017,5,88382,92193,0,0,180575,0
HOBART,2017,6,90673,89636,0,0,180309,0
HOBART,2017,7,99196,102431,0,0,201627,0
HOBART,2017,8,87387,87859,0,0,175246,0
HOBART,2017,9,97992,91468,0,0,189460,0
HOBART,2017,10,108902,108200,0,0,217102,0
HOBART,2017,11,110717,110395,0,0,221112,0
HOBART,2017,12,135137,120368,0,0,255505,0
HOBART,2018,1,125218,141366,0,0,266584,0
HOBART,2018,2,113258,109757,0,0,223015,0
HOBART,2018,3,123639,124859,0,0,248498,0
HOBART,2018,4,111145,118749,0,0,229894,0
HOBART,2018,5,90232,93341,0,0,183573,0
HOBART,2018,6,91837,92643,0,0,184480,0
HOBART,2018,7,106020,106872,0,0,212892,0
HOBART,2018,8,94063,94842,0,0,188905,0
HOBART,2018,9,101772,96920,0,0,198692,0
HOBART,2018,10,118753,117015,0,0,235768,0
HOBART,2018,11,119996,117668,0,0,237664,0
HOBART,2018,12,141828,124835,0,0,266663,0
HOBART,2019,1,130366,147840,0,0,278206,0
HOBART,2019,2,118030,113881,0,0,231911,0
HOBART,2019,3,120100,123918,0,0,244018,0
HOBART,2019,4,114959,119517,0,0,234476,0
HOBART,2019,5,95801,98915,0,0,194716,0
HOBART,2019,6,100817,100831,0,0,201648,0
HOBART,2019,7,109278,111707,0,0,220985,0
HOBART,2019,8,101185,101926,0,0,203111,0
HOBART,2019,9,108777,103743,0,0,212520,0
HOBART,2019,10,121894,119785,0,0,241679,0
HOBART,2019,11,123885,123263,0,0,247148,0
HOBART,2019,12,144019,127302,0,0,271321,0
HOBART,2020,1,135552,149565,0,0,285117,0
HOBART,2020,2,115076,113163,0,0,228239,0
HOBART,2020,3,72088,80867,0,0,152955,0
HOBART,2020,4,780,1341,0,0,2121,0
HOBART,2020,5,1263,2003,0,0,3266,0
HOBART,2020,6,2302,3099,0,0,5401,0
HOBART,2020,7,2840,3618,0,0,6458,0
HOBART,2020,8,2400,3050,0,0,5450,0
HOBART,2020,9,2423,2660,0,0,5083,0
HOBART,2020,10,4246,4699,0,0,8945,0
HOBART,2020,11,23926,21419,0,0,45345,0
HOBART,2020,12,72103,59180,0,0,131283,0
HOBART,2021,1,59922,70307,0,0,130229,0
HOBART,2021,2,50326,48098,0,0,98424,0
HOBART,2021,3,76227,77215,0,0,153442,0
HOBART,2021,4,93921,96316,137,183,190237,320
HOBART,2021,5,74074,79535,488,562,153609,1050
HOBART,2021,6,56217,52554,689,702,108771,1391
HOBART,2021,7,38053,44465,833,886,82518,1719
HOBART,2021,8,17404,18076,0,0,35480,0
HOBART,2021,9,25466,24138,0,0,49604,0
HOBART,2021,10,27175,26525,0,0,53700,0
HOBART,2021,11,32624,32982,0,0,65606,0
HOBART,2021,12,78179,61490,0,0,139669,0
HOBART,2022,1,70894,85446,0,0,156340,0
HOBART,2022,2,66138,64432,0,0,130570,0
HOBART,2022,3,86896,89061,0,0,175957,0
HOBART,2022,4,113765,118659,0,0,232424,0
HOBART,2022,5,93746,96842,0,0,190588,0
HOBART,2022,6,97517,93865,0,0,191382,0
HOBART,2022,7,97861,105202,753,716,203063,1469
HOBART,2022,8,85422,84173,547,565,169595,1112
HOBART,2022,9,95823,90097,947,904,185920,1851
HOBART,2022,10,103985,102869,1508,1468,206854,2976
HOBART,2022,11,106859,106469,1778,1801,213328,3579
HOBART,2022,12,123479,109511,1730,1810,232990,3540
HOBART,2023,1,117108,131344,2065,1997,248452,4062
HOBART,2023,2,106003,103872,1576,1483,209875,3059
HOBART,2023,3,114440,117129,1813,1830,231569,3643
HOBART,2023,4,105358,110247,1788,1848,215605,3636
HOBART,2023,5,92852,97147,905,965,189999,1870
HOBART,2023,6,98820,93843,812,847,192663,1659
HOBART,2023,7,95521,102655,808,873,198176,1681
HOBART,2023,8,92652,91560,722,691,184212,1413
HOBART,2023,9,101661,96216,907,889,197877,1796
HOBART,2023,10,112922,111912,1328,1307,224834,2635
HOBART,2023,11,113296,111212,1884,1970,224508,3854
HOBART,2023,12,139047,122697,1297,1310,261744,2607
HOBART,2024,1,131225,145439,1529,1606,276664,3135
HOBART,2024,2,117233,114579,1944,1970,231812,3914
HOBART,2024,3,122225,121583,1992,2175,243808,4167
HOBART,2024,4,110250,118400,275,281,228650,556
KARRATHA,2009,1,19832,15380,0,0,35212,0
KARRATHA,2009,2,18104,18605,0,0,36709,0
KARRATHA,2009,3,21324,19676,0,0,41000,0
KARRATHA,2009,4,21474,21891,0,0,43365,0
KARRATHA,2009,5,21794,22334,0,0,44128,0
KARRATHA,2009,6,22665,22113,0,0,44778,0
KARRATHA,2009,7,23748,24514,0,0,48262,0
KARRATHA,2009,8,23605,23680,0,0,47285,0
KARRATHA,2009,9,25126,25334,0,0,50460,0
KARRATHA,2009,10,25428,26222,0,0,51650,0
KARRATHA,2009,11,25346,24944,0,0,50290,0
KARRATHA,2009,12,19846,26184,0,0,46030,0
KARRATHA,2010,1,24349,19774,0,0,44123,0
KARRATHA,2010,2,22216,22442,0,0,44658,0
KARRATHA,2010,3,26812,26767,0,0,53579,0
KARRATHA,2010,4,24569,24978,0,0,49547,0
KARRATHA,2010,5,25101,25006,0,0,50107,0
KARRATHA,2010,6,25089,26131,0,0,51220,0
KARRATHA,2010,7,27369,28283,0,0,55652,0
KARRATHA,2010,8,26944,27139,0,0,54083,0
KARRATHA,2010,9,27025,28665,0,0,55690,0
KARRATHA,2010,10,29327,29400,0,0,58727,0
KARRATHA,2010,11,29171,28616,0,0,57787,0
KARRATHA,2010,12,22220,31415,0,0,53635,0
KARRATHA,2011,1,29255,21348,0,0,50603,0
KARRATHA,2011,2,25213,24858,0,0,50071,0
KARRATHA,2011,3,31078,29797,0,0,60875,0
KARRATHA,2011,4,27897,29468,0,0,57365,0
KARRATHA,2011,5,31295,30395,0,0,61690,0
KARRATHA,2011,6,29391,29639,0,0,59030,0
KARRATHA,2011,7,33496,34124,0,0,67620,0
KARRATHA,2011,8,34720,34325,0,0,69045,0
KARRATHA,2011,9,32822,34030,0,0,66852,0
KARRATHA,2011,10,32702,32386,0,0,65088,0
KARRATHA,2011,11,36031,34173,0,0,70204,0
KARRATHA,2011,12,25815,36053,0,0,61868,0
KARRATHA,2012,1,35138,26597,0,0,61735,0
KARRATHA,2012,2,32776,31847,0,0,64623,0
KARRATHA,2012,3,33169,34540,0,0,67709,0
KARRATHA,2012,4,32696,32413,0,0,65109,0
KARRATHA,2012,5,35798,35628,0,0,71426,0
KARRATHA,2012,6,33144,33878,0,0,67022,0
KARRATHA,2012,7,36532,35987,0,0,72519,0
KARRATHA,2012,8,35698,37034,0,0,72732,0
KARRATHA,2012,9,33535,34048,0,0,67583,0
KARRATHA,2012,10,38291,37031,0,0,75322,0
KARRATHA,2012,11,35586,35948,0,0,71534,0
KARRATHA,2012,12,26940,34161,0,0,61101,0
KARRATHA,2013,1,36313,28259,0,0,64572,0
KARRATHA,2013,2,28156,28674,0,0,56830,0
KARRATHA,2013,3,34364,33386,0,0,67750,0
KARRATHA,2013,4,35446,34139,0,0,69585,0
KARRATHA,2013,5,35926,36065,0,0,71991,0
KARRATHA,2013,6,30804,33201,0,0,64005,0
KARRATHA,2013,7,35629,34747,0,0,70376,0
KARRATHA,2013,8,30780,32734,0,0,63514,0
KARRATHA,2013,9,29965,30836,0,0,60801,0
KARRATHA,2013,10,33486,32649,0,0,66135,0
KARRATHA,2013,11,29816,30343,0,0,60159,0
KARRATHA,2013,12,23416,31481,0,0,54897,0
KARRATHA,2014,1,32683,25686,0,0,58369,0
KARRATHA,2014,2,27868,27687,0,0,55555,0
KARRATHA,2014,3,29871,29163,0,0,59034,0
KARRATHA,2014,4,30455,29751,0,0,60206,0
KARRATHA,2014,5,30029,31630,0,0,61659,0
KARRATHA,2014,6,28853,28240,0,0,57093,0
KARRATHA,2014,7,31443,31190,0,0,62633,0
KARRATHA,2014,8,29933,30828,0,0,60761,0
KARRATHA,2014,9,29929,30501,0,0,60430,0
KARRATHA,2014,10,32016,32760,0,0,64776,0
KARRATHA,2014,11,28528,28860,0,0,57388,0
KARRATHA,2014,12,22578,29886,0,0,52464,0
KARRATHA,2015,1,27371,21795,0,0,49166,0
KARRATHA,2015,2,23907,24807,0,0,48714,0
KARRATHA,2015,3,25836,25992,0,0,51828,0
KARRATHA,2015,4,26116,26467,0,0,52583,0
KARRATHA,2015,5,25042,25160,0,0,50202,0
KARRATHA,2015,6,24647,25348,0,0,49995,0
KARRATHA,2015,7,27639,27574,0,0,55213,0
KARRATHA,2015,8,25386,24763,0,0,50149,0
KARRATHA,2015,9,25376,26444,0,0,51820,0
KARRATHA,2015,10,26024,25986,0,0,52010,0
KARRATHA,2015,11,25465,24652,0,0,50117,0
KARRATHA,2015,12,20550,25239,0,0,45789,0
KARRATHA,2016,1,21683,18456,0,0,40139,0
KARRATHA,2016,2,20037,19143,0,0,39180,0
KARRATHA,2016,3,21020,21745,0,0,42765,0
KARRATHA,2016,4,20794,21126,0,0,41920,0
KARRATHA,2016,5,23696,22587,0,0,46283,0
KARRATHA,2016,6,20235,21159,0,0,41394,0
KARRATHA,2016,7,20847,20392,0,0,41239,0
KARRATHA,2016,8,21137,20783,0,0,41920,0
KARRATHA,2016,9,20716,20875,0,0,41591,0
KARRATHA,2016,10,21361,19801,0,0,41162,0
KARRATHA,2016,11,21485,20519,0,0,42004,0
KARRATHA,2016,12,15435,19862,0,0,35297,0
KARRATHA,2017,1,19267,15565,0,0,34832,0
KARRATHA,2017,2,16771,16556,0,0,33327,0
KARRATHA,2017,3,19207,19750,0,0,38957,0
KARRATHA,2017,4,17755,17832,0,0,35587,0
KARRATHA,2017,5,20502,19185,0,0,39687,0
KARRATHA,2017,6,19009,19354,0,0,38363,0
KARRATHA,2017,7,18287,18243,0,0,36530,0
KARRATHA,2017,8,18683,18913,0,0,37596,0
KARRATHA,2017,9,17037,18248,0,0,35285,0
KARRATHA,2017,10,19576,18571,0,0,38147,0
KARRATHA,2017,11,18517,19014,0,0,37531,0
KARRATHA,2017,12,14755,18450,0,0,33205,0
KARRATHA,2018,1,18381,15119,0,0,33500,0
KARRATHA,2018,2,16207,16221,0,0,32428,0
KARRATHA,2018,3,17697,18856,0,0,36553,0
KARRATHA,2018,4,18165,17789,0,0,35954,0
KARRATHA,2018,5,19779,19469,0,0,39248,0
KARRATHA,2018,6,18066,18853,0,0,36919,0
KARRATHA,2018,7,20535,19601,0,0,40136,0
KARRATHA,2018,8,19304,20876,0,0,40180,0
KARRATHA,2018,9,17771,18959,0,0,36730,0
KARRATHA,2018,10,20349,19233,0,0,39582,0
KARRATHA,2018,11,18693,19284,0,0,37977,0
KARRATHA,2018,12,14547,17695,0,0,32242,0
KARRATHA,2019,1,19400,16331,0,0,35731,0
KARRATHA,2019,2,16700,17111,0,0,33811,0
KARRATHA,2019,3,17479,17698,0,0,35177,0
KARRATHA,2019,4,20502,19057,0,0,39559,0
KARRATHA,2019,5,19119,20624,0,0,39743,0
KARRATHA,2019,6,18533,18505,0,0,37038,0
KARRATHA,2019,7,21722,20762,0,0,42484,0
KARRATHA,2019,8,19737,21258,0,0,40995,0
KARRATHA,2019,9,20725,21035,0,0,41760,0
KARRATHA,2019,10,21900,21470,0,0,43370,0
KARRATHA,2019,11,20063,20591,0,0,40654,0
KARRATHA,2019,12,16792,20784,0,0,37576,0
KARRATHA,2020,1,21219,17595,0,0,38814,0
KARRATHA,2020,2,17774,17772,0,0,35546,0
KARRATHA,2020,3,13511,14175,0,0,27686,0
KARRATHA,2020,4,1530,1737,0,0,3267,0
KARRATHA,2020,5,1356,1295,0,0,2651,0
KARRATHA,2020,6,3414,3651,0,0,7065,0
KARRATHA,2020,7,7827,8130,0,0,15957,0
KARRATHA,2020,8,10688,9863,0,0,20551,0
KARRATHA,2020,9,14534,15897,0,0,30431,0
KARRATHA,2020,10,15131,16649,0,0,31780,0
KARRATHA,2020,11,15377,14915,0,0,30292,0
KARRATHA,2020,12,12869,16262,0,0,29131,0
KARRATHA,2021,1,14342,12861,0,0,27203,0
KARRATHA,2021,2,10817,10429,0,0,21246,0
KARRATHA,2021,3,17276,17120,0,0,34396,0
KARRATHA,2021,4,16465,16259,0,0,32724,0
KARRATHA,2021,5,18338,17735,0,0,36073,0
KARRATHA,2021,6,18619,18578,0,0,37197,0
KARRATHA,2021,7,18163,19152,0,0,37315,0
KARRATHA,2021,8,19918,19057,0,0,38975,0
KARRATHA,2021,9,19629,21612,0,0,41241,0
KARRATHA,2021,10,20141,20175,0,0,40316,0
KARRATHA,2021,11,20455,20392,0,0,40847,0
KARRATHA,2021,12,15836,19532,0,0,35368,0
KARRATHA,2022,1,17716,14557,0,0,32273,0
KARRATHA,2022,2,15234,15558,0,0,30792,0
KARRATHA,2022,3,18011,18331,0,0,36342,0
KARRATHA,2022,4,19106,18921,0,0,38027,0
KARRATHA,2022,5,20102,20666,0,0,40768,0
KARRATHA,2022,6,22178,22418,0,0,44596,0
KARRATHA,2022,7,22417,22435,0,0,44852,0
KARRATHA,2022,8,24231,24582,0,0,48813,0
KARRATHA,2022,9,22097,23867,0,0,45964,0
KARRATHA,2022,10,23665,22626,0,0,46291,0
KARRATHA,2022,11,23203,23462,0,0,46665,0
KARRATHA,2022,12,16595,22025,0,0,38620,0
KARRATHA,2023,1,21993,17416,0,0,39409,0
KARRATHA,2023,2,19746,19880,0,0,39626,0
KARRATHA,2023,3,22296,23103,0,0,45399,0
KARRATHA,2023,4,20923,20892,0,0,41815,0
KARRATHA,2023,5,24409,23182,0,0,47591,0
KARRATHA,2023,6,22882,23806,0,0,46688,0
KARRATHA,2023,7,23656,23968,0,0,47624,0
KARRATHA,2023,8,24946,25080,0,0,50026,0
KARRATHA,2023,9,22499,24610,0,0,47109,0
KARRATHA,2023,10,25498,24074,0,0,49572,0
KARRATHA,2023,11,24535,25294,0,0,49829,0
KARRATHA,2023,12,18700,23692,0,0,42392,0
KARRATHA,2024,1,25231,20180,0,0,45411,0
KARRATHA,2024,2,21322,22170,0,0,43492,0
KARRATHA,2024,3,24072,24751,0,0,48823,0
KARRATHA,2024,4,25844,23824,0,0,49668,0
LAUNCESTON,2009,1,53276,56926,0,0,110202,0
LAUNCESTON,2009,2,47357,45645,0,0,93002,0
LAUNCESTON,2009,3,52117,53080,0,0,105197,0
LAUNCESTON,2009,4,48103,49058,0,0,97161,0
LAUNCESTON,2009,5,43724,46111,0,0,89835,0
LAUNCESTON,2009,6,43558,41178,0,0,84736,0
LAUNCESTON,2009,7,43009,45005,0,0,88014,0
LAUNCESTON,2009,8,44205,44814,0,0,89019,0
LAUNCESTON,2009,9,47148,44062,0,0,91210,0
LAUNCESTON,2009,10,47088,47112,0,0,94200,0
LAUNCESTON,2009,11,47334,47558,0,0,94892,0
LAUNCESTON,2009,12,51720,47186,0,0,98906,0
LAUNCESTON,2010,1,50233,55774,0,0,106007,0
LAUNCESTON,2010,2,47867,46638,0,0,94505,0
LAUNCESTON,2010,3,49830,50951,0,0,100781,0
LAUNCESTON,2010,4,49145,50974,0,0,100119,0
LAUNCESTON,2010,5,42635,45994,0,0,88629,0
LAUNCESTON,2010,6,43695,41349,0,0,85044,0
LAUNCESTON,2010,7,43396,45798,0,0,89194,0
LAUNCESTON,2010,8,44292,44645,0,0,88937,0
LAUNCESTON,2010,9,48145,43768,0,0,91913,0
LAUNCESTON,2010,10,48334,49055,0,0,97389,0
LAUNCESTON,2010,11,48816,48567,0,0,97383,0
LAUNCESTON,2010,12,63578,54488,0,0,118066,0
LAUNCESTON,2011,1,53384,62199,0,0,115583,0
LAUNCESTON,2011,2,48468,46666,0,0,95134,0
LAUNCESTON,2011,3,52074,54657,0,0,106731,0
LAUNCESTON,2011,4,48024,48508,0,0,96532,0
LAUNCESTON,2011,5,41123,44856,0,0,85979,0
LAUNCESTON,2011,6,37192,36323,0,0,73515,0
LAUNCESTON,2011,7,41920,42708,0,0,84628,0
LAUNCESTON,2011,8,41809,43353,0,0,85162,0
LAUNCESTON,2011,9,46117,40861,0,0,86978,0
LAUNCESTON,2011,10,45806,45459,0,0,91265,0
LAUNCESTON,2011,11,48217,48249,0,0,96466,0
LAUNCESTON,2011,12,59112,48529,0,0,107641,0
LAUNCESTON,2012,1,51723,62066,0,0,113789,0
LAUNCESTON,2012,2,47758,45556,0,0,93314,0
LAUNCESTON,2012,3,49930,51415,0,0,101345,0
LAUNCESTON,2012,4,47943,49440,0,0,97383,0
LAUNCESTON,2012,5,40869,46309,0,0,87178,0
LAUNCESTON,2012,6,43447,41580,0,0,85027,0
LAUNCESTON,2012,7,41448,42325,0,0,83773,0
LAUNCESTON,2012,8,43558,44731,0,0,88289,0
LAUNCESTON,2012,9,51735,45363,0,0,97098,0
LAUNCESTON,2012,10,48500,50236,0,0,98736,0
LAUNCESTON,2012,11,54220,53079,0,0,107299,0
LAUNCESTON,2012,12,64723,54319,0,0,119042,0
LAUNCESTON,2013,1,59195,68212,0,0,127407,0
LAUNCESTON,2013,2,51614,49824,0,0,101438,0
LAUNCESTON,2013,3,58097,57203,0,0,115300,0
LAUNCESTON,2013,4,53606,58484,0,0,112090,0
LAUNCESTON,2013,5,44115,45232,0,0,89347,0
LAUNCESTON,2013,6,42376,40518,0,0,82894,0
LAUNCESTON,2013,7,48884,51918,0,0,100802,0
LAUNCESTON,2013,8,47701,46349,0,0,94050,0
LAUNCESTON,2013,9,46688,46155,0,0,92843,0
LAUNCESTON,2013,10,56585,53950,0,0,110535,0
LAUNCESTON,2013,11,52468,51856,0,0,104324,0
LAUNCESTON,2013,12,67666,58449,0,0,126115,0
LAUNCESTON,2014,1,63827,71154,0,0,134981,0
LAUNCESTON,2014,2,52717,51591,0,0,104308,0
LAUNCESTON,2014,3,57992,59751,0,0,117743,0
LAUNCESTON,2014,4,53633,57336,0,0,110969,0
LAUNCESTON,2014,5,47347,48323,0,0,95670,0
LAUNCESTON,2014,6,47550,46394,0,0,93944,0
LAUNCESTON,2014,7,47391,49829,0,0,97220,0
LAUNCESTON,2014,8,44931,45508,0,0,90439,0
LAUNCESTON,2014,9,48691,46829,0,0,95520,0
LAUNCESTON,2014,10,55493,54135,0,0,109628,0
LAUNCESTON,2014,11,56824,54527,0,0,111351,0
LAUNCESTON,2014,12,67721,59688,0,0,127409,0
LAUNCESTON,2015,1,61786,69331,0,0,131117,0
LAUNCESTON,2015,2,53435,51643,0,0,105078,0
LAUNCESTON,2015,3,57484,59583,0,0,117067,0
LAUNCESTON,2015,4,52216,55380,0,0,107596,0
LAUNCESTON,2015,5,46677,48225,0,0,94902,0
LAUNCESTON,2015,6,42671,42200,0,0,84871,0
LAUNCESTON,2015,7,49223,51910,0,0,101133,0
LAUNCESTON,2015,8,46105,45411,0,0,91516,0
LAUNCESTON,2015,9,47215,46412,0,0,93627,0
LAUNCESTON,2015,10,56542,53452,0,0,109994,0
LAUNCESTON,2015,11,58767,57575,0,0,116342,0
LAUNCESTON,2015,12,70521,62644,0,0,133165,0
LAUNCESTON,2016,1,63517,72206,0,0,135723,0
LAUNCESTON,2016,2,57729,56406,0,0,114135,0
LAUNCESTON,2016,3,61282,61169,0,0,122451,0
LAUNCESTON,2016,4,54996,60277,0,0,115273,0
LAUNCESTON,2016,5,47415,49237,0,0,96652,0
LAUNCESTON,2016,6,45377,45564,0,0,90941,0
LAUNCESTON,2016,7,53340,54414,0,0,107754,0
LAUNCESTON,2016,8,44702,44901,0,0,89603,0
LAUNCESTON,2016,9,50064,48950,0,0,99014,0
LAUNCESTON,2016,10,55946,52152,0,0,108098,0
LAUNCESTON,2016,11,58326,56791,0,0,115117,0
LAUNCESTON,2016,12,72849,63415,0,0,136264,0
LAUNCESTON,2017,1,67589,75597,0,0,143186,0
LAUNCESTON,2017,2,57412,56874,0,0,114286,0
LAUNCESTON,2017,3,59033,61568,0,0,120601,0
LAUNCESTON,2017,4,58771,60217,0,0,118988,0
LAUNCESTON,2017,5,46056,48246,0,0,94302,0
LAUNCESTON,2017,6,44164,43756,0,0,87920,0
LAUNCESTON,2017,7,51577,53418,0,0,104995,0
LAUNCESTON,2017,8,45214,44862,0,0,90076,0
LAUNCESTON,2017,9,50483,48160,0,0,98643,0
LAUNCESTON,2017,10,55395,55407,0,0,110802,0
LAUNCESTON,2017,11,59175,58036,0,0,117211,0
LAUNCESTON,2017,12,75367,64845,0,0,140212,0
LAUNCESTON,2018,1,68889,78405,0,0,147294,0
LAUNCESTON,2018,2,57763,56071,0,0,113834,0
LAUNCESTON,2018,3,65920,66465,0,0,132385,0
LAUNCESTON,2018,4,59241,63764,0,0,123005,0
LAUNCESTON,2018,5,45400,47383,0,0,92783,0
LAUNCESTON,2018,6,45514,45946,0,0,91460,0
LAUNCESTON,2018,7,56721,58072,0,0,114793,0
LAUNCESTON,2018,8,47423,47206,0,0,94629,0
LAUNCESTON,2018,9,51454,49146,0,0,100600,0
LAUNCESTON,2018,10,57836,57111,0,0,114947,0
LAUNCESTON,2018,11,58989,58231,0,0,117220,0
LAUNCESTON,2018,12,73906,64885,0,0,138791,0
LAUNCESTON,2019,1,70824,79017,0,0,149841,0
LAUNCESTON,2019,2,58763,58499,0,0,117262,0
LAUNCESTON,2019,3,61397,64660,0,0,126057,0
LAUNCESTON,2019,4,63263,65723,0,0,128986,0
LAUNCESTON,2019,5,46938,49185,0,0,96123,0
LAUNCESTON,2019,6,45516,45744,0,0,91260,0
LAUNCESTON,2019,7,56217,56811,0,0,113028,0
LAUNCESTON,2019,8,46984,48107,0,0,95091,0
LAUNCESTON,2019,9,52095,49663,0,0,101758,0
LAUNCESTON,2019,10,58756,57738,0,0,116494,0
LAUNCESTON,2019,11,60389,59006,0,0,119395,0
LAUNCESTON,2019,12,74773,65236,0,0,140009,0
LAUNCESTON,2020,1,68722,77376,0,0,146098,0
LAUNCESTON,2020,2,56306,55972,0,0,112278,0
LAUNCESTON,2020,3,36699,39219,0,0,75918,0
LAUNCESTON,2020,4,301,475,0,0,776,0
LAUNCESTON,2020,5,348,362,0,0,710,0
LAUNCESTON,2020,6,994,1097,0,0,2091,0
LAUNCESTON,2020,7,2039,2584,0,0,4623,0
LAUNCESTON,2020,8,1958,1949,0,0,3907,0
LAUNCESTON,2020,9,2189,2270,0,0,4459,0
LAUNCESTON,2020,10,3012,3295,0,0,6307,0
LAUNCESTON,2020,11,12199,10832,0,0,23031,0
LAUNCESTON,2020,12,39377,32862,0,0,72239,0
LAUNCESTON,2021,1,30884,35633,0,0,66517,0
LAUNCESTON,2021,2,25746,24783,0,0,50529,0
LAUNCESTON,2021,3,41676,40711,0,0,82387,0
LAUNCESTON,2021,4,52434,54389,0,0,106823,0
LAUNCESTON,2021,5,37123,39118,0,0,76241,0
LAUNCESTON,2021,6,22667,20028,0,0,42695,0
LAUNCESTON,2021,7,17484,20248,0,0,37732,0
LAUNCESTON,2021,8,5689,5261,0,0,10950,0
LAUNCESTON,2021,9,9837,9622,0,0,19459,0
LAUNCESTON,2021,10,11763,12018,0,0,23781,0
LAUNCESTON,2021,11,15215,14125,0,0,29340,0
LAUNCESTON,2021,12,43457,32543,0,0,76000,0
LAUNCESTON,2022,1,36769,43049,0,0,79818,0
LAUNCESTON,2022,2,33632,32485,0,0,66117,0
LAUNCESTON,2022,3,44856,45684,0,0,90540,0
LAUNCESTON,2022,4,59180,61264,0,0,120444,0
LAUNCESTON,2022,5,46127,48106,0,0,94233,0
LAUNCESTON,2022,6,48324,46338,0,0,94662,0
LAUNCESTON,2022,7,49150,53985,0,0,103135,0
LAUNCESTON,2022,8,42551,41525,0,0,84076,0
LAUNCESTON,2022,9,47310,45217,0,0,92527,0
LAUNCESTON,2022,10,54641,53629,0,0,108270,0
LAUNCESTON,2022,11,54272,52480,0,0,106752,0
LAUNCESTON,2022,12,66830,58410,0,0,125240,0
LAUNCESTON,2023,1,64841,72368,0,0,137209,0
LAUNCESTON,2023,2,53698,53043,0,0,106741,0
LAUNCESTON,2023,3,61444,62794,0,0,124238,0
LAUNCESTON,2023,4,58683,61547,0,0,120230,0
LAUNCESTON,2023,5,46254,48868,0,0,95122,0
LAUNCESTON,2023,6,45907,44530,0,0,90437,0
LAUNCESTON,2023,7,50137,53942,0,0,104079,0
LAUNCESTON,2023,8,49495,49486,0,0,98981,0
LAUNCESTON,2023,9,51583,49988,0,0,101571,0
LAUNCESTON,2023,10,60348,58947,0,0,119295,0
LAUNCESTON,2023,11,63106,61336,0,0,124442,0
LAUNCESTON,2023,12,76584,66277,0,0,142861,0
LAUNCESTON,2024,1,68013,75861,0,0,143874,0
LAUNCESTON,2024,2,62051,61639,0,0,123690,0
LAUNCESTON,2024,3,67859,67669,0,0,135528,0
LAUNCESTON,2024,4,60965,66265,0,0,127230,0
MACKAY,2009,1,39935,39772,0,0,79707,0
MACKAY,2009,2,34093,33861,0,0,67954,0
MACKAY,2009,3,38335,37378,0,0,75713,0
MACKAY,2009,4,38347,38448,0,0,76795,0
MACKAY,2009,5,38023,37882,0,0,75905,0
MACKAY,2009,6,38043,37284,0,0,75327,0
MACKAY,2009,7,40206,40448,0,0,80654,0
MACKAY,2009,8,38246,37882,0,0,76128,0
MACKAY,2009,9,39508,39616,0,0,79124,0
MACKAY,2009,10,40964,41045,0,0,82009,0
MACKAY,2009,11,38991,39381,0,0,78372,0
MACKAY,2009,12,38160,39841,0,0,78001,0
MACKAY,2010,1,36743,36508,0,0,73251,0
MACKAY,2010,2,33503,34298,0,0,67801,0
MACKAY,2010,3,36041,35330,0,0,71371,0
MACKAY,2010,4,36857,36634,0,0,73491,0
MACKAY,2010,5,37655,37959,0,0,75614,0
MACKAY,2010,6,40689,40733,0,0,81422,0
MACKAY,2010,7,43626,43804,0,0,87430,0
MACKAY,2010,8,41931,42150,0,0,84081,0
MACKAY,2010,9,46612,46479,0,0,93091,0
MACKAY,2010,10,47386,48552,0,0,95938,0
MACKAY,2010,11,44241,43824,0,0,88065,0
MACKAY,2010,12,44289,47223,0,0,91512,0
MACKAY,2011,1,47185,44254,0,0,91439,0
MACKAY,2011,2,35124,35588,0,0,70712,0
MACKAY,2011,3,43224,42622,0,0,85846,0
MACKAY,2011,4,41760,42414,0,0,84174,0
MACKAY,2011,5,44832,43888,0,0,88720,0
MACKAY,2011,6,43839,44325,0,0,88164,0
MACKAY,2011,7,46913,46668,0,0,93581,0
MACKAY,2011,8,47594,47296,0,0,94890,0
MACKAY,2011,9,48453,49173,0,0,97626,0
MACKAY,2011,10,50403,50341,0,0,100744,0
MACKAY,2011,11,47259,47269,0,0,94528,0
MACKAY,2011,12,43936,48241,0,0,92177,0
MACKAY,2012,1,45112,41376,0,0,86488,0
MACKAY,2012,2,42412,43314,0,0,85726,0
MACKAY,2012,3,46348,47723,0,0,94071,0
MACKAY,2012,4,46513,45629,0,0,92142,0
MACKAY,2012,5,48281,48824,0,0,97105,0
MACKAY,2012,6,48241,48828,0,0,97069,0
MACKAY,2012,7,49974,48864,0,0,98838,0
MACKAY,2012,8,47780,48839,0,0,96619,0
MACKAY,2012,9,47615,48248,0,0,95863,0
MACKAY,2012,10,49865,48668,0,0,98533,0
MACKAY,2012,11,44720,45921,0,0,90641,0
MACKAY,2012,12,44976,48172,0,0,93148,0
MACKAY,2013,1,46854,43565,0,0,90419,0
MACKAY,2013,2,39587,40893,0,0,80480,0
MACKAY,2013,3,45497,46520,0,0,92017,0
MACKAY,2013,4,48044,46532,0,0,94576,0
MACKAY,2013,5,44764,45633,0,0,90397,0
MACKAY,2013,6,47536,46864,0,0,94400,0
MACKAY,2013,7,49174,49064,0,0,98238,0
MACKAY,2013,8,46550,47782,0,0,94332,0
MACKAY,2013,9,46861,45849,0,0,92710,0
MACKAY,2013,10,48466,48596,0,0,97062,0
MACKAY,2013,11,42148,43201,0,0,85349,0
MACKAY,2013,12,45230,47384,0,0,92614,0
MACKAY,2014,1,41690,39182,0,0,80872,0
MACKAY,2014,2,35301,35937,0,0,71238,0
MACKAY,2014,3,41032,40076,0,0,81108,0
MACKAY,2014,4,41485,41149,0,0,82634,0
MACKAY,2014,5,39723,40390,0,0,80113,0
MACKAY,2014,6,38830,38088,0,0,76918,0
MACKAY,2014,7,44033,44582,0,0,88615,0
MACKAY,2014,8,40144,40707,0,0,80851,0
MACKAY,2014,9,41426,40415,0,0,81841,0
MACKAY,2014,10,43221,44844,0,0,88065,0
MACKAY,2014,11,37800,38193,0,0,75993,0
MACKAY,2014,12,39817,41898,0,0,81715,0
MACKAY,2015,1,36231,34321,0,0,70552,0
MACKAY,2015,2,30254,31593,0,0,61847,0
MACKAY,2015,3,38476,36956,0,0,75432,0
MACKAY,2015,4,38188,38030,0,0,76218,0
MACKAY,2015,5,37417,37180,0,0,74597,0
MACKAY,2015,6,36464,36164,0,0,72628,0
MACKAY,2015,7,39916,40450,0,0,80366,0
MACKAY,2015,8,37652,37306,0,0,74958,0
MACKAY,2015,9,36204,36478,0,0,72682,0
MACKAY,2015,10,36013,36482,0,0,72495,0
MACKAY,2015,11,33988,33821,0,0,67809,0
MACKAY,2015,12,33735,35613,0,0,69348,0
MACKAY,2016,1,30454,28859,0,0,59313,0
MACKAY,2016,2,28048,28251,0,0,56299,0
MACKAY,2016,3,33248,33232,0,0,66480,0
MACKAY,2016,4,32759,32306,0,0,65065,0
MACKAY,2016,5,32884,32963,0,0,65847,0
MACKAY,2016,6,31980,32428,0,0,64408,0
MACKAY,2016,7,33613,33546,0,0,67159,0
MACKAY,2016,8,32588,32852,0,0,65440,0
MACKAY,2016,9,32594,33221,0,0,65815,0
MACKAY,2016,10,32954,33473,0,0,66427,0
MACKAY,2016,11,31026,30902,0,0,61928,0
MACKAY,2016,12,31024,32448,0,0,63472,0
MACKAY,2017,1,28407,27492,0,0,55899,0
MACKAY,2017,2,26775,27417,0,0,54192,0
MACKAY,2017,3,27660,28612,0,0,56272,0
MACKAY,2017,4,32546,32692,0,0,65238,0
MACKAY,2017,5,32115,32556,0,0,64671,0
MACKAY,2017,6,32053,32188,0,0,64241,0
MACKAY,2017,7,33542,33361,0,0,66903,0
MACKAY,2017,8,32287,33030,0,0,65317,0
MACKAY,2017,9,34889,35186,0,0,70075,0
MACKAY,2017,10,35292,34648,0,0,69940,0
MACKAY,2017,11,31991,32694,0,0,64685,0
MACKAY,2017,12,31907,33663,0,0,65570,0
MACKAY,2018,1,31550,29835,0,0,61385,0
MACKAY,2018,2,28109,28290,0,0,56399,0
MACKAY,2018,3,33788,34250,0,0,68038,0
MACKAY,2018,4,31371,30937,0,0,62308,0
MACKAY,2018,5,34118,34075,0,0,68193,0
MACKAY,2018,6,32254,32073,0,0,64327,0
MACKAY,2018,7,38841,38656,0,0,77497,0
MACKAY,2018,8,37238,38024,0,0,75262,0
MACKAY,2018,9,34386,34831,0,0,69217,0
MACKAY,2018,10,35683,35066,0,0,70749,0
MACKAY,2018,11,33423,34034,0,0,67457,0
MACKAY,2018,12,32543,34591,0,0,67134,0
MACKAY,2019,1,31850,30538,0,0,62388,0
MACKAY,2019,2,29585,29908,0,0,59493,0
MACKAY,2019,3,33188,33773,0,0,66961,0
MACKAY,2019,4,33365,32740,0,0,66105,0
MACKAY,2019,5,35423,36124,0,0,71547,0
MACKAY,2019,6,34032,33917,0,0,67949,0
MACKAY,2019,7,37760,37019,0,0,74779,0
MACKAY,2019,8,37074,37973,0,0,75047,0
MACKAY,2019,9,37679,37658,0,0,75337,0
MACKAY,2019,10,38439,38581,0,0,77020,0
MACKAY,2019,11,35584,36180,0,0,71764,0
MACKAY,2019,12,35168,37092,0,0,72260,0
MACKAY,2020,1,34227,32672,0,0,66899,0
MACKAY,2020,2,31457,32056,0,0,63513,0
MACKAY,2020,3,26375,24390,0,0,50765,0
MACKAY,2020,4,3428,3753,0,0,7181,0
MACKAY,2020,5,3517,3674,0,0,7191,0
MACKAY,2020,6,8504,8404,0,0,16908,0
MACKAY,2020,7,15694,16265,0,0,31959,0
MACKAY,2020,8,15570,15854,0,0,31424,0
MACKAY,2020,9,17673,17700,0,0,35373,0
MACKAY,2020,10,20175,21086,0,0,41261,0
MACKAY,2020,11,22748,22440,0,0,45188,0
MACKAY,2020,12,26244,27338,0,0,53582,0
MACKAY,2021,1,20817,20329,0,0,41146,0
MACKAY,2021,2,22827,22922,0,0,45749,0
MACKAY,2021,3,28950,28178,0,0,57128,0
MACKAY,2021,4,29392,29525,0,0,58917,0
MACKAY,2021,5,33407,32991,0,0,66398,0
MACKAY,2021,6,31806,31349,0,0,63155,0
MACKAY,2021,7,26205,26675,0,0,52880,0
MACKAY,2021,8,18309,18095,0,0,36404,0
MACKAY,2021,9,27786,27921,0,0,55707,0
MACKAY,2021,10,26940,27633,0,0,54573,0
MACKAY,2021,11,28231,27476,0,0,55707,0
MACKAY,2021,12,29251,30472,0,0,59723,0
MACKAY,2022,1,21505,20304,0,0,41809,0
MACKAY,2022,2,21200,21624,0,0,42824,0
MACKAY,2022,3,29888,30223,0,0,60111,0
MACKAY,2022,4,35758,36248,0,0,72006,0
MACKAY,2022,5,36770,36153,0,0,72923,0
MACKAY,2022,6,38676,38928,0,0,77604,0
MACKAY,2022,7,38743,39542,0,0,78285,0
MACKAY,2022,8,38115,38071,0,0,76186,0
MACKAY,2022,9,38033,39124,0,0,77157,0
MACKAY,2022,10,38857,38747,0,0,77604,0
MACKAY,2022,11,38366,38712,0,0,77078,0
MACKAY,2022,12,34580,36537,0,0,71117,0
MACKAY,2023,1,33415,31430,0,0,64845,0
MACKAY,2023,2,32305,32930,0,0,65235,0
MACKAY,2023,3,38325,39130,0,0,77455,0
MACKAY,2023,4,35628,35865,0,0,71493,0
MACKAY,2023,5,38687,37989,0,0,76676,0
MACKAY,2023,6,37983,39085,0,0,77068,0
MACKAY,2023,7,39853,39438,0,0,79291,0
MACKAY,2023,8,39478,40206,0,0,79684,0
MACKAY,2023,9,40959,41124,0,0,82083,0
MACKAY,2023,10,40467,40500,0,0,80967,0
MACKAY,2023,11,39453,40720,0,0,80173,0
MACKAY,2023,12,36112,38302,0,0,74414,0
MACKAY,2024,1,32951,30481,0,0,63432,0
MACKAY,2024,2,34796,35422,0,0,70218,0
MACKAY,2024,3,37952,38156,0,0,76108,0
MACKAY,2024,4,37306,36462,0,0,73768,0
MELBOURNE,2009,1,856085,833050,252477,212009,1689135,464486
MELBOURNE,2009,2,746205,739743,210713,168227,1485948,378940
MELBOURNE,2009,3,845636,852062,202276,196643,1697698,398919
MELBOURNE,2009,4,829998,819781,204299,208083,1649779,412382
MELBOURNE,2009,5,776173,775039,173774,197709,1551212,371483
MELBOURNE,2009,6,721727,758140,178162,218630,1479867,396792
MELBOURNE,2009,7,837988,809609,240001,197523,1647597,437524
MELBOURNE,2009,8,823229,827693,203480,205689,1650922,409169
MELBOURNE,2009,9,835205,851672,219950,222581,1686877,442531
MELBOURNE,2009,10,898516,877825,249880,207089,1776341,456969
MELBOURNE,2009,11,871745,868621,218576,228831,1740366,447407
MELBOURNE,2009,12,840898,858578,234725,279025,1699476,513750
MELBOURNE,2010,1,857377,826363,284826,243684,1683740,528510
MELBOURNE,2010,2,802637,808660,243752,204449,1611297,448201
MELBOURNE,2010,3,905092,921247,231673,239252,1826339,470925
MELBOURNE,2010,4,896389,873538,220800,219940,1769927,440740
MELBOURNE,2010,5,840775,841892,188710,221202,1682667,409912
MELBOURNE,2010,6,819152,851471,208773,257409,1670623,466182
MELBOURNE,2010,7,944778,913028,283636,231976,1857806,515612
MELBOURNE,2010,8,913529,920169,231395,241959,1833698,473354
MELBOURNE,2010,9,935099,941432,255664,259528,1876531,515192
MELBOURNE,2010,10,981550,974228,286793,239495,1955778,526288
MELBOURNE,2010,11,936055,926714,240786,250417,1862769,491203
MELBOURNE,2010,12,933226,957852,265242,321150,1891078,586392
MELBOURNE,2011,1,932364,895173,336970,290873,1827537,627843
MELBOURNE,2011,2,807515,802662,274243,220878,1610177,495121
MELBOURNE,2011,3,928617,924483,243754,237994,1853100,481748
MELBOURNE,2011,4,915423,915413,250130,274680,1830836,524810
MELBOURNE,2011,5,872415,876279,230962,247707,1748694,478669
MELBOURNE,2011,6,797066,804285,223865,273382,1601351,497247
MELBOURNE,2011,7,907802,900980,309728,262089,1808782,571817
MELBOURNE,2011,8,875410,876729,259446,261977,1752139,521423
MELBOURNE,2011,9,862222,882369,263756,282047,1744591,545803
MELBOURNE,2011,10,933886,910870,306328,247114,1844756,553442
MELBOURNE,2011,11,903717,890863,267990,269556,1794580,537546
MELBOURNE,2011,12,879421,910582,281266,344223,1790003,625489
MELBOURNE,2012,1,926139,886181,354018,306119,1812320,660137
MELBOURNE,2012,2,830879,821103,291804,232419,1651982,524223
MELBOURNE,2012,3,932200,936193,268269,279024,1868393,547293
MELBOURNE,2012,4,897991,892848,266969,271006,1790839,537975
MELBOURNE,2012,5,874047,871643,230069,259264,1745690,489333
MELBOURNE,2012,6,836515,858023,248038,295361,1694538,543399
MELBOURNE,2012,7,953894,944955,316164,261920,1898849,578084
MELBOURNE,2012,8,935216,929624,271345,275906,1864840,547251
MELBOURNE,2012,9,931489,954733,284472,291959,1886222,576431
MELBOURNE,2012,10,1002582,981939,323971,261191,1984521,585162
MELBOURNE,2012,11,1003285,988212,281637,289422,1991497,571059
MELBOURNE,2012,12,939234,969425,302814,356081,1908659,658895
MELBOURNE,2013,1,980802,928327,363773,309819,1909129,673592
MELBOURNE,2013,2,857315,842347,290165,245270,1699662,535435
MELBOURNE,2013,3,958278,995662,284291,298294,1953940,582585
MELBOURNE,2013,4,957148,924505,284224,278932,1881653,563156
MELBOURNE,2013,5,889504,893160,247987,284390,1782664,532377
MELBOURNE,2013,6,861377,881739,266815,316664,1743116,583479
MELBOURNE,2013,7,1027044,1007540,350003,299718,2034584,649721
MELBOURNE,2013,8,978746,973072,309206,314962,1951818,624168
MELBOURNE,2013,9,944229,957575,308437,314280,1901804,622717
MELBOURNE,2013,10,1042381,1027168,347223,277637,2069549,624860
MELBOURNE,2013,11,993447,978633,297331,296101,1972080,593432
MELBOURNE,2013,12,990722,1017563,334315,392306,2008285,726621
MELBOURNE,2014,1,1015397,972715,405925,345753,1988112,751678
MELBOURNE,2014,2,879950,874523,317446,271754,1754473,589200
MELBOURNE,2014,3,982380,989492,298547,301050,1971872,599597
MELBOURNE,2014,4,970657,965801,314516,330983,1936458,645499
MELBOURNE,2014,5,919075,914120,288008,311686,1833195,599694
MELBOURNE,2014,6,883595,924070,283842,355095,1807665,638937
MELBOURNE,2014,7,1022903,993072,396854,328613,2015975,725467
MELBOURNE,2014,8,979763,975378,323724,340678,1955141,664402
MELBOURNE,2014,9,966478,975178,337512,339350,1941656,676862
MELBOURNE,2014,10,1084809,1063726,381908,312662,2148535,694570
MELBOURNE,2014,11,1001601,994496,328293,335780,1996097,664073
MELBOURNE,2014,12,994717,1020431,355406,417081,2015148,772487
MELBOURNE,2015,1,1004854,948075,438126,370081,1952929,808207
MELBOURNE,2015,2,900984,891650,365109,313219,1792634,678328
MELBOURNE,2015,3,1005878,1039069,345323,371197,2044947,716520
MELBOURNE,2015,4,996733,964471,340239,344512,1961204,684751
MELBOURNE,2015,5,936622,936219,302738,334198,1872841,636936
MELBOURNE,2015,6,892847,934705,308765,379573,1827552,688338
MELBOURNE,2015,7,1088788,1042230,420433,358670,2131018,779103
MELBOURNE,2015,8,987007,994987,363372,369533,1981994,732905
MELBOURNE,2015,9,1003849,1002529,373604,370822,2006378,744426
MELBOURNE,2015,10,1087942,1081715,422440,352894,2169657,775334
MELBOURNE,2015,11,1040806,1038007,369057,367768,2078813,736825
MELBOURNE,2015,12,1042951,1067979,408817,468826,2110930,877643
MELBOURNE,2016,1,1054336,987466,479446,415848,2041802,895294
MELBOURNE,2016,2,962294,958670,409332,354902,1920964,764234
MELBOURNE,2016,3,1040159,1071754,375712,400070,2111913,775782
MELBOURNE,2016,4,1034619,975844,377543,363931,2010463,741474
MELBOURNE,2016,5,965286,979592,329015,361483,1944878,690498
MELBOURNE,2016,6,934008,983208,344024,421392,1917216,765416
MELBOURNE,2016,7,1099867,1051762,473996,402026,2151629,876022
MELBOURNE,2016,8,1007425,1007861,387190,393644,2015286,780834
MELBOURNE,2016,9,1059435,1055705,407615,395718,2115140,803333
MELBOURNE,2016,10,1093450,1100268,439964,373475,2193718,813439
MELBOURNE,2016,11,1081488,1066390,386213,394006,2147878,780219
MELBOURNE,2016,12,1063853,1097863,444950,511091,2161716,956041
MELBOURNE,2017,1,1090953,1037134,523394,456706,2128087,980100
MELBOURNE,2017,2,936529,925300,424162,354176,1861829,778338
MELBOURNE,2017,3,1067607,1069795,388096,397069,2137402,785165
MELBOURNE,2017,4,1046704,1038005,421407,426800,2084709,848207
MELBOURNE,2017,5,982991,993236,355754,384545,1976227,740299
MELBOURNE,2017,6,966297,988130,368104,439357,1954427,807461
MELBOURNE,2017,7,1109391,1101270,498958,427923,2210661,926881
MELBOURNE,2017,8,1032519,1026705,417818,422697,2059224,840515
MELBOURNE,2017,9,1047892,1061680,428355,438578,2109572,866933
MELBOURNE,2017,10,1156852,1133498,486720,396510,2290350,883230
MELBOURNE,2017,11,1115131,1106079,419680,431707,2221210,851387
MELBOURNE,2017,12,1083418,1118622,478099,537167,2202040,1015266
MELBOURNE,2018,1,1109308,1061660,547626,473098,2170968,1020724
MELBOURNE,2018,2,968029,959519,469329,401858,1927548,871187
MELBOURNE,2018,3,1098311,1128272,445563,464345,2226583,909908
MELBOURNE,2018,4,1084246,1051772,453020,441242,2136018,894262
MELBOURNE,2018,5,1000156,1007655,387395,413425,2007811,800820
MELBOURNE,2018,6,962605,1010009,410590,492367,1972614,902957
MELBOURNE,2018,7,1149198,1116250,538582,455634,2265448,994216
MELBOURNE,2018,8,1074421,1068580,464566,473550,2143001,938116
MELBOURNE,2018,9,1057707,1073931,471762,479739,2131638,951501
MELBOURNE,2018,10,1166132,1142931,523788,436520,2309063,960308
MELBOURNE,2018,11,1117298,1107531,461965,473126,2224829,935091
MELBOURNE,2018,12,1066835,1110389,481836,562958,2177224,1044794
MELBOURNE,2019,1,1121723,1066341,568799,501288,2188064,1070087
MELBOURNE,2019,2,981359,971364,483548,405796,1952723,889344
MELBOURNE,2019,3,1086603,1092582,441993,443824,2179185,885817
MELBOURNE,2019,4,1087004,1087168,454777,480480,2174172,935257
MELBOURNE,2019,5,1010459,1006610,414406,429113,2017069,843519
MELBOURNE,2019,6,944965,1000243,413493,488023,1945208,901516
MELBOURNE,2019,7,1142322,1109884,532482,460719,2252206,993201
MELBOURNE,2019,8,1080083,1074712,469163,473554,2154795,942717
MELBOURNE,2019,9,1069451,1092161,459116,468307,2161612,927423
MELBOURNE,2019,10,1187346,1159072,504030,427549,2346418,931579
MELBOURNE,2019,11,1122505,1098922,460493,466560,2221427,927053
MELBOURNE,2019,12,1084222,1138546,495779,575352,2222768,1071131
MELBOURNE,2020,1,1116371,1053603,581276,514803,2169974,1096079
MELBOURNE,2020,2,921157,934726,408642,334254,1855883,742896
MELBOURNE,2020,3,624922,619391,244268,227490,1244313,471758
MELBOURNE,2020,4,20061,21697,5448,12355,41758,17803
MELBOURNE,2020,5,29128,28400,5643,9003,57528,14646
MELBOURNE,2020,6,60190,62328,6431,9456,122518,15887
MELBOURNE,2020,7,29537,31636,49,12705,61173,12754
MELBOURNE,2020,8,6854,13444,0,14761,20298,14761
MELBOURNE,2020,9,8430,14941,0,12320,23371,12320
MELBOURNE,2020,10,12720,14654,0,10603,27374,10603
MELBOURNE,2020,11,48680,50242,511,8346,98922,8857
MELBOURNE,2020,12,340896,398933,5098,10989,739829,16087
MELBOURNE,2021,1,338480,286543,6753,10340,625023,17093
MELBOURNE,2021,2,207398,195779,3119,8122,403177,11241
MELBOURNE,2021,3,479091,494543,1798,8153,973634,9951
MELBOURNE,2021,4,702091,692032,10375,16770,1394123,27145
MELBOURNE,2021,5,599667,601938,25732,24656,1201605,50388
MELBOURNE,2021,6,152189,168931,10613,14502,321120,25115
MELBOURNE,2021,7,225224,184414,22227,26795,409638,49022
MELBOURNE,2021,8,33142,25526,3681,8033,58668,11714
MELBOURNE,2021,9,15886,15063,2201,7918,30949,10119
MELBOURNE,2021,10,21168,15719,2111,9855,36887,11966
MELBOURNE,2021,11,165347,169714,19788,25339,335061,45127
MELBOURNE,2021,12,451517,522284,64060,63649,973801,127709
MELBOURNE,2022,1,571917,515075,84811,58865,1086992,143676
MELBOURNE,2022,2,496393,503676,89738,54225,1000069,143963
MELBOURNE,2022,3,753316,751571,107926,95493,1504887,203419
MELBOURNE,2022,4,958109,966159,157741,163915,1924268,321656
MELBOURNE,2022,5,861600,868868,182478,180486,1730468,362964
MELBOURNE,2022,6,886863,942296,211256,253957,1829159,465213
MELBOURNE,2022,7,980671,937906,318139,273435,1918577,591574
MELBOURNE,2022,8,871004,884415,289587,260606,1755419,550193
MELBOURNE,2022,9,942733,938395,300395,284303,1881128,584698
MELBOURNE,2022,10,962271,980846,335167,273556,1943117,608723
MELBOURNE,2022,11,949257,930494,333340,322667,1879751,656007
MELBOURNE,2022,12,918537,937459,353353,422088,1855996,775441
MELBOURNE,2023,1,951384,924241,445135,385246,1875625,830381
MELBOURNE,2023,2,821901,821353,381441,282806,1643254,664247
MELBOURNE,2023,3,997609,978577,370815,352659,1976186,723474
MELBOURNE,2023,4,948194,972933,380077,397622,1921127,777699
MELBOURNE,2023,5,919970,928001,356854,382672,1847971,739526
MELBOURNE,2023,6,891770,939062,376556,443993,1830832,820549
MELBOURNE,2023,7,1009111,981811,499513,416165,1990922,915678
MELBOURNE,2023,8,972529,981256,430491,418894,1953785,849385
MELBOURNE,2023,9,1003307,988183,453183,438763,1991490,891946
MELBOURNE,2023,10,1040251,1061215,481237,403512,2101466,884749
MELBOURNE,2023,11,1040114,1028416,434191,441269,2068530,875460
MELBOURNE,2023,12,997117,1032298,470858,557019,2029415,1027877
MELBOURNE,2024,1,1031539,999175,594279,484399,2030714,1078678
MELBOURNE,2024,2,959745,964951,502887,403998,1924696,906885
MELBOURNE,2024,3,1018694,1056796,443495,468897,2075490,912392
MELBOURNE,2024,4,1012617,979522,447712,432555,1992139,880267
NEWCASTLE,2009,1,51819,51575,0,0,103394,0
NEWCASTLE,2009,2,43177,42024,0,0,85201,0
NEWCASTLE,2009,3,49738,48281,0,0,98019,0
NEWCASTLE,2009,4,49517,48395,0,0,97912,0
NEWCASTLE,2009,5,47721,47047,0,0,94768,0
NEWCASTLE,2009,6,43145,41421,0,0,84566,0
NEWCASTLE,2009,7,48327,48162,0,0,96489,0
NEWCASTLE,2009,8,47565,46462,0,0,94027,0
NEWCASTLE,2009,9,47397,45893,0,0,93290,0
NEWCASTLE,2009,10,51128,49831,0,0,100959,0
NEWCASTLE,2009,11,48469,47832,0,0,96301,0
NEWCASTLE,2009,12,47540,45271,0,0,92811,0
NEWCASTLE,2010,1,45797,45624,0,0,91421,0
NEWCASTLE,2010,2,42718,41936,0,0,84654,0
NEWCASTLE,2010,3,50078,48621,0,0,98699,0
NEWCASTLE,2010,4,48456,48416,0,0,96872,0
NEWCASTLE,2010,5,46530,45764,0,0,92294,0
NEWCASTLE,2010,6,45458,44159,0,0,89617,0
NEWCASTLE,2010,7,50443,51540,0,0,101983,0
NEWCASTLE,2010,8,49383,48098,0,0,97481,0
NEWCASTLE,2010,9,50720,51415,0,0,102135,0
NEWCASTLE,2010,10,56398,55577,0,0,111975,0
NEWCASTLE,2010,11,53477,54025,0,0,107502,0
NEWCASTLE,2010,12,57032,54344,0,0,111376,0
NEWCASTLE,2011,1,52920,52748,0,0,105668,0
NEWCASTLE,2011,2,43956,44185,0,0,88141,0
NEWCASTLE,2011,3,50812,51146,0,0,101958,0
NEWCASTLE,2011,4,50766,50560,0,0,101326,0
NEWCASTLE,2011,5,47891,48428,0,0,96319,0
NEWCASTLE,2011,6,42562,42876,0,0,85438,0
NEWCASTLE,2011,7,50065,50800,0,0,100865,0
NEWCASTLE,2011,8,49591,49141,0,0,98732,0
NEWCASTLE,2011,9,50244,51041,0,0,101285,0
NEWCASTLE,2011,10,54573,54387,0,0,108960,0
NEWCASTLE,2011,11,50645,51015,0,0,101660,0
NEWCASTLE,2011,12,51083,49724,0,0,100807,0
NEWCASTLE,2012,1,49790,51020,0,0,100810,0
NEWCASTLE,2012,2,45246,45691,0,0,90937,0
NEWCASTLE,2012,3,52116,51954,0,0,104070,0
NEWCASTLE,2012,4,48292,48472,0,0,96764,0
NEWCASTLE,2012,5,49194,49299,0,0,98493,0
NEWCASTLE,2012,6,45024,45769,0,0,90793,0
NEWCASTLE,2012,7,49547,49194,0,0,98741,0
NEWCASTLE,2012,8,47917,48401,0,0,96318,0
NEWCASTLE,2012,9,49514,50569,0,0,100083,0
NEWCASTLE,2012,10,52465,52025,0,0,104490,0
NEWCASTLE,2012,11,51326,51672,0,0,102998,0
NEWCASTLE,2012,12,50780,49146,0,0,99926,0
NEWCASTLE,2013,1,48720,49719,0,0,98439,0
NEWCASTLE,2013,2,43551,44133,0,0,87684,0
NEWCASTLE,2013,3,51331,50302,0,0,101633,0
NEWCASTLE,2013,4,50378,51919,0,0,102297,0
NEWCASTLE,2013,5,47199,47472,0,0,94671,0
NEWCASTLE,2013,6,45361,45416,0,0,90777,0
NEWCASTLE,2013,7,51960,52133,0,0,104093,0
NEWCASTLE,2013,8,50219,50413,0,0,100632,0
NEWCASTLE,2013,9,51392,52515,0,0,103907,0
NEWCASTLE,2013,10,54572,54561,0,0,109133,0
NEWCASTLE,2013,11,54211,53566,0,0,107777,0
NEWCASTLE,2013,12,53282,52192,0,0,105474,0
NEWCASTLE,2014,1,50137,51529,0,0,101666,0
NEWCASTLE,2014,2,42668,43461,0,0,86129,0
NEWCASTLE,2014,3,50262,50391,0,0,100653,0
NEWCASTLE,2014,4,47587,47954,0,0,95541,0
NEWCASTLE,2014,5,46954,47987,0,0,94941,0
NEWCASTLE,2014,6,45169,45097,0,0,90266,0
NEWCASTLE,2014,7,50510,51019,0,0,101529,0
NEWCASTLE,2014,8,48803,48481,0,0,97284,0
NEWCASTLE,2014,9,49730,50530,0,0,100260,0
NEWCASTLE,2014,10,53687,53479,0,0,107166,0
NEWCASTLE,2014,11,48507,48757,0,0,97264,0
NEWCASTLE,2014,12,48887,46957,0,0,95844,0
NEWCASTLE,2015,1,45820,47358,0,0,93178,0
NEWCASTLE,2015,2,39828,40397,0,0,80225,0
NEWCASTLE,2015,3,46998,46902,0,0,93900,0
NEWCASTLE,2015,4,46382,46468,0,0,92850,0
NEWCASTLE,2015,5,46585,46832,0,0,93417,0
NEWCASTLE,2015,6,45252,45669,0,0,90921,0
NEWCASTLE,2015,7,51791,52088,0,0,103879,0
NEWCASTLE,2015,8,48158,47567,0,0,95725,0
NEWCASTLE,2015,9,49787,50528,0,0,100315,0
NEWCASTLE,2015,10,53226,53114,0,0,106340,0
NEWCASTLE,2015,11,49346,50066,0,0,99412,0
NEWCASTLE,2015,12,50922,49590,0,0,100512,0
NEWCASTLE,2016,1,46952,48275,0,0,95227,0
NEWCASTLE,2016,2,44280,45153,0,0,89433,0
NEWCASTLE,2016,3,50766,50326,0,0,101092,0
NEWCASTLE,2016,4,46121,48685,0,0,94806,0
NEWCASTLE,2016,5,47968,47961,0,0,95929,0
NEWCASTLE,2016,6,46132,46062,0,0,92194,0
NEWCASTLE,2016,7,52867,53175,0,0,106042,0
NEWCASTLE,2016,8,50653,50216,0,0,100869,0
NEWCASTLE,2016,9,53555,54507,0,0,108062,0
NEWCASTLE,2016,10,57411,56414,0,0,113825,0
NEWCASTLE,2016,11,52703,53000,0,0,105703,0
NEWCASTLE,2016,12,54559,53371,0,0,107930,0
NEWCASTLE,2017,1,54287,54089,0,0,108376,0
NEWCASTLE,2017,2,44928,44996,0,0,89924,0
NEWCASTLE,2017,3,51795,52664,0,0,104459,0
NEWCASTLE,2017,4,54660,53913,0,0,108573,0
NEWCASTLE,2017,5,49583,50483,0,0,100066,0
NEWCASTLE,2017,6,47872,47860,0,0,95732,0
NEWCASTLE,2017,7,54242,54374,0,0,108616,0
NEWCASTLE,2017,8,49586,49587,0,0,99173,0
NEWCASTLE,2017,9,54789,55360,0,0,110149,0
NEWCASTLE,2017,10,58070,58060,0,0,116130,0
NEWCASTLE,2017,11,55762,55651,0,0,111413,0
NEWCASTLE,2017,12,56807,55893,0,0,112700,0
NEWCASTLE,2018,1,52052,52721,0,0,104773,0
NEWCASTLE,2018,2,46282,46490,0,0,92772,0
NEWCASTLE,2018,3,53843,53255,0,0,107098,0
NEWCASTLE,2018,4,51911,53359,0,0,105270,0
NEWCASTLE,2018,5,51059,50825,0,0,101884,0
NEWCASTLE,2018,6,47515,47511,0,0,95026,0
NEWCASTLE,2018,7,54305,54782,0,0,109087,0
NEWCASTLE,2018,8,51834,51579,0,0,103413,0
NEWCASTLE,2018,9,50936,50634,0,0,101570,0
NEWCASTLE,2018,10,55775,56109,0,0,111884,0
NEWCASTLE,2018,11,55787,56252,295,279,112039,574
NEWCASTLE,2018,12,53528,52785,1004,1162,106313,2166
NEWCASTLE,2019,1,53197,53766,1575,1278,106963,2853
NEWCASTLE,2019,2,45697,46100,619,475,91797,1094
NEWCASTLE,2019,3,53342,53523,0,0,106865,0
NEWCASTLE,2019,4,53436,53930,0,0,107366,0
NEWCASTLE,2019,5,51067,51398,0,0,102465,0
NEWCASTLE,2019,6,49209,48677,0,0,97886,0
NEWCASTLE,2019,7,54497,55290,0,0,109787,0
NEWCASTLE,2019,8,52640,51999,0,0,104639,0
NEWCASTLE,2019,9,53249,53411,0,0,106660,0
NEWCASTLE,2019,10,59321,59179,0,0,118500,0
NEWCASTLE,2019,11,55892,55878,265,364,111770,629
NEWCASTLE,2019,12,53867,52369,1225,1323,106236,2548
NEWCASTLE,2020,1,52332,52937,1665,1425,105269,3090
NEWCASTLE,2020,2,46233,46207,625,479,92440,1104
NEWCASTLE,2020,3,31344,30200,0,0,61544,0
NEWCASTLE,2020,4,247,189,0,0,436,0
NEWCASTLE,2020,5,202,203,0,0,405,0
NEWCASTLE,2020,6,1087,1016,0,0,2103,0
NEWCASTLE,2020,7,7474,8291,0,0,15765,0
NEWCASTLE,2020,8,3077,2296,0,0,5373,0
NEWCASTLE,2020,9,812,823,0,0,1635,0
NEWCASTLE,2020,10,1179,914,0,0,2093,0
NEWCASTLE,2020,11,15158,15305,0,0,30463,0
NEWCASTLE,2020,12,31394,32309,0,0,63703,0
NEWCASTLE,2021,1,18498,18060,0,0,36558,0
NEWCASTLE,2021,2,23499,24066,0,0,47565,0
NEWCASTLE,2021,3,31863,31887,0,0,63750,0
NEWCASTLE,2021,4,39497,39748,0,0,79245,0
NEWCASTLE,2021,5,38360,38721,0,0,77081,0
NEWCASTLE,2021,6,27885,29026,0,0,56911,0
NEWCASTLE,2021,7,13291,11879,0,0,25170,0
NEWCASTLE,2021,8,1301,984,0,0,2285,0
NEWCASTLE,2021,9,831,603,0,0,1434,0
NEWCASTLE,2021,10,1504,1372,0,0,2876,0
NEWCASTLE,2021,11,9886,9765,0,0,19651,0
NEWCASTLE,2021,12,23849,23949,0,0,47798,0
NEWCASTLE,2022,1,26741,27333,0,0,54074,0
NEWCASTLE,2022,2,26946,27306,0,0,54252,0
NEWCASTLE,2022,3,39436,39485,0,0,78921,0
NEWCASTLE,2022,4,53597,53244,0,0,106841,0
NEWCASTLE,2022,5,46049,46899,0,0,92948,0
NEWCASTLE,2022,6,43845,43965,0,0,87810,0
NEWCASTLE,2022,7,45478,46645,0,0,92123,0
NEWCASTLE,2022,8,42540,42309,0,0,84849,0
NEWCASTLE,2022,9,45920,47185,0,0,93105,0
NEWCASTLE,2022,10,49971,48395,0,0,98366,0
NEWCASTLE,2022,11,47167,47413,0,0,94580,0
NEWCASTLE,2022,12,43492,41951,0,0,85443,0
NEWCASTLE,2023,1,42531,42760,0,0,85291,0
NEWCASTLE,2023,2,38929,39363,0,0,78292,0
NEWCASTLE,2023,3,47410,47959,0,0,95369,0
NEWCASTLE,2023,4,48406,48215,0,0,96621,0
NEWCASTLE,2023,5,47200,47583,0,0,94783,0
NEWCASTLE,2023,6,45514,45830,0,0,91344,0
NEWCASTLE,2023,7,51559,52371,0,0,103930,0
NEWCASTLE,2023,8,49184,48597,0,0,97781,0
NEWCASTLE,2023,9,51857,52814,0,0,104671,0
NEWCASTLE,2023,10,55192,53632,0,0,108824,0
NEWCASTLE,2023,11,52195,52542,0,0,104737,0
NEWCASTLE,2023,12,50426,49127,0,0,99553,0
NEWCASTLE,2024,1,45851,46678,0,0,92529,0
NEWCASTLE,2024,2,46964,47233,0,0,94197,0
NEWCASTLE,2024,3,51856,51103,0,0,102959,0
NEWCASTLE,2024,4,51219,52873,0,0,104092,0
PERTH,2009,1,284420,288108,145541,115339,572528,260880
PERTH,2009,2,240828,246457,108734,82162,487285,190896
PERTH,2009,3,290377,290272,101113,102056,580649,203169
PERTH,2009,4,289319,288945,108813,114652,578264,223465
PERTH,2009,5,273757,276679,91788,105108,550436,196896
PERTH,2009,6,263657,260439,98608,114593,524096,213201
PERTH,2009,7,300210,303804,128152,112281,604014,240433
PERTH,2009,8,287863,285473,110726,106906,573336,217632
PERTH,2009,9,292571,296351,121982,120913,588922,242895
PERTH,2009,10,308512,308055,143712,114485,616567,258197
PERTH,2009,11,287543,289705,124069,119648,577248,243717
PERTH,2009,12,296308,291384,128445,154911,587692,283356
PERTH,2010,1,286464,288436,162965,132416,574900,295381
PERTH,2010,2,257710,260696,121055,104937,518406,225992
PERTH,2010,3,310802,308441,123514,128335,619243,251849
PERTH,2010,4,302872,302407,120962,123936,605279,244898
PERTH,2010,5,287923,286187,104309,114443,574110,218752
PERTH,2010,6,287123,283871,115473,143302,570994,258775
PERTH,2010,7,318123,322413,152709,129033,640536,281742
PERTH,2010,8,308752,304122,124979,124766,612874,249745
PERTH,2010,9,318333,314362,135453,138472,632695,273925
PERTH,2010,10,334601,336074,159154,123118,670675,282272
PERTH,2010,11,319379,318384,126434,125609,637763,252043
PERTH,2010,12,334075,328303,132438,165897,662378,298335
PERTH,2011,1,314220,319155,181208,142653,633375,323861
PERTH,2011,2,274070,276149,132824,109037,550219,241861
PERTH,2011,3,330530,331084,123725,124375,661614,248100
PERTH,2011,4,329318,332212,128507,145585,661530,274092
PERTH,2011,5,334896,330573,126487,127062,665469,253549
PERTH,2011,6,309801,305518,122825,142806,615319,265631
PERTH,2011,7,350500,356774,161562,144998,707274,306560
PERTH,2011,8,351078,345010,139530,127583,696088,267113
PERTH,2011,9,346669,345169,140559,144486,691838,285045
PERTH,2011,10,352748,356350,165756,135565,709098,301321
PERTH,2011,11,358408,357742,137757,132561,716150,270318
PERTH,2011,12,360465,347593,136199,175818,708058,312017
PERTH,2012,1,352760,360850,188945,147847,713610,336792
PERTH,2012,2,325182,329065,144942,116154,654247,261096
PERTH,2012,3,372895,368765,139493,142470,741660,281963
PERTH,2012,4,369818,366259,146446,153732,736077,300178
PERTH,2012,5,368165,369693,123171,135126,737858,258297
PERTH,2012,6,360736,354342,134790,154268,715078,289058
PERTH,2012,7,398586,400597,173443,149645,799183,323088
PERTH,2012,8,387883,387138,144289,142521,775021,286810
PERTH,2012,9,384328,379508,155108,155652,763836,310760
PERTH,2012,10,413707,419032,183232,146786,832739,330018
PERTH,2012,11,386062,384542,147270,146048,770604,293318
PERTH,2012,12,380373,379285,150447,196943,759658,347390
PERTH,2013,1,373730,383134,208925,159037,756864,367962
PERTH,2013,2,322002,320456,152007,126370,642458,278377
PERTH,2013,3,381463,380000,151995,151384,761463,303379
PERTH,2013,4,381375,393724,143640,162889,775099,306529
PERTH,2013,5,380024,373231,144424,147124,753255,291548
PERTH,2013,6,357261,342828,141523,160898,700089,302421
PERTH,2013,7,398806,412089,187095,169847,810895,356942
PERTH,2013,8,373945,373517,161495,159005,747462,320500
PERTH,2013,9,373714,373591,166260,169413,747305,335673
PERTH,2013,10,403993,403832,196425,152043,807825,348468
PERTH,2013,11,363121,362817,156917,153245,725938,310162
PERTH,2013,12,377892,375327,170531,227348,753219,397879
PERTH,2014,1,373794,384806,244756,188565,758600,433321
PERTH,2014,2,323572,327180,165809,138879,650752,304688
PERTH,2014,3,368083,363511,157118,158112,731594,315230
PERTH,2014,4,381317,385947,174325,184451,767264,358776
PERTH,2014,5,350939,355327,142723,158400,706266,301123
PERTH,2014,6,342876,330153,145966,170833,673029,316799
PERTH,2014,7,377458,391848,205965,178812,769306,384777
PERTH,2014,8,361356,358479,163905,166519,719835,330424
PERTH,2014,9,362782,366423,179961,181406,729205,361367
PERTH,2014,10,398992,401561,204204,158932,800553,363136
PERTH,2014,11,356660,355399,158386,156950,712059,315336
PERTH,2014,12,369737,370319,173480,221950,740056,395430
PERTH,2015,1,351624,358420,238626,184382,710044,423008
PERTH,2015,2,302620,312158,169685,144653,614778,314338
PERTH,2015,3,359400,351127,160418,167454,710527,327872
PERTH,2015,4,363209,360074,168302,173956,723283,342258
PERTH,2015,5,331242,334104,143271,158138,665346,301409
PERTH,2015,6,334331,315818,147906,177716,650149,325622
PERTH,2015,7,373233,391420,204453,182039,764653,386492
PERTH,2015,8,345804,339311,168066,167076,685115,335142
PERTH,2015,9,345190,354353,175801,178626,699543,354427
PERTH,2015,10,376349,371879,201257,159865,748228,361122
PERTH,2015,11,350883,348296,161118,156852,699179,317970
PERTH,2015,12,366185,364502,177833,225340,730687,403173
PERTH,2016,1,339718,348882,239957,194026,688600,433983
PERTH,2016,2,298463,306771,183022,150969,605234,333991
PERTH,2016,3,351129,344678,169100,174373,695807,343473
PERTH,2016,4,339551,343860,172768,180423,683411,353191
PERTH,2016,5,323448,324678,149078,158887,648126,307965
PERTH,2016,6,319153,317203,153342,186840,636356,340182
PERTH,2016,7,345310,359636,217460,185918,704946,403378
PERTH,2016,8,333833,330911,172310,168899,664744,341209
PERTH,2016,9,345591,347858,187478,191734,693449,379212
PERTH,2016,10,353502,358906,212243,166592,712408,378835
PERTH,2016,11,336632,340980,168867,172050,677612,340917
PERTH,2016,12,361956,352837,188630,234209,714793,422839
PERTH,2017,1,337758,352883,239999,196653,690641,436652
PERTH,2017,2,281671,288163,181235,146779,569834,328014
PERTH,2017,3,331242,332208,168813,174935,663450,343748
PERTH,2017,4,335208,333755,185833,193652,668963,379485
PERTH,2017,5,318488,324138,155396,165738,642626,321134
PERTH,2017,6,310500,312126,158255,190155,622626,348410
PERTH,2017,7,348994,352709,211701,182304,701703,394005
PERTH,2017,8,329875,328372,174162,171298,658247,345460
PERTH,2017,9,330208,335505,183141,189091,665713,372232
PERTH,2017,10,356818,357901,209573,167158,714719,376731
PERTH,2017,11,340894,340217,166263,164421,681111,330684
PERTH,2017,12,359066,346366,183881,225031,705432,408912
PERTH,2018,1,338970,354520,230724,190208,693490,420932
PERTH,2018,2,293234,294222,173590,147109,587456,320699
PERTH,2018,3,347889,339031,172623,178886,686920,351509
PERTH,2018,4,338271,345743,171396,184847,684014,356243
PERTH,2018,5,332088,332706,156686,164906,664794,321592
PERTH,2018,6,310124,310390,160492,195155,620514,355647
PERTH,2018,7,356414,360646,216000,180045,717060,396045
PERTH,2018,8,334133,329291,178516,178586,663424,357102
PERTH,2018,9,339438,345477,182920,187834,684915,370754
PERTH,2018,10,367669,363399,199858,160469,731068,360327
PERTH,2018,11,346125,341988,168215,169049,688113,337264
PERTH,2018,12,353421,336559,187566,230291,689980,417857
PERTH,2019,1,333792,355008,230405,191656,688800,422061
PERTH,2019,2,292431,290188,177469,147449,582619,324918
PERTH,2019,3,327527,324347,163843,169358,651874,333201
PERTH,2019,4,344871,346786,171753,185698,691657,357451
PERTH,2019,5,329652,330261,158107,163144,659913,321251
PERTH,2019,6,315356,306689,155018,180664,622045,335682
PERTH,2019,7,362677,370477,203301,180135,733154,383436
PERTH,2019,8,343016,336164,180370,178650,679180,359020
PERTH,2019,9,339702,339996,180961,185024,679698,365985
PERTH,2019,10,377209,376475,205797,171561,753684,377358
PERTH,2019,11,348086,343342,180935,176849,691428,357784
PERTH,2019,12,367525,348759,190795,234238,716284,425033
PERTH,2020,1,336945,359009,238157,204575,695954,442732
PERTH,2020,2,297652,300717,169482,135267,598369,304749
PERTH,2020,3,233956,226081,93680,84820,460037,178500
PERTH,2020,4,17595,17136,1696,5422,34731,7118
PERTH,2020,5,15780,17204,1141,2285,32984,3426
PERTH,2020,6,29887,31756,1652,2469,61643,4121
PERTH,2020,7,53442,55274,2702,3866,108716,6568
PERTH,2020,8,58156,59012,2038,4142,117168,6180
PERTH,2020,9,78515,75161,2038,2786,153676,4824
PERTH,2020,10,90005,84295,3497,3203,174300,6700
PERTH,2020,11,104170,101412,3648,2905,205582,6553
PERTH,2020,12,163235,140723,4096,3393,303958,7489
PERTH,2021,1,119606,135005,2997,2688,254611,5685
PERTH,2021,2,93691,89784,2249,2109,183475,4358
PERTH,2021,3,192521,185740,3573,2357,378261,5930
PERTH,2021,4,218279,219323,4569,3900,437602,8469
PERTH,2021,5,225194,227822,5451,6428,453016,11879
PERTH,2021,6,203405,200554,6887,6448,403959,13335
PERTH,2021,7,134985,136530,6570,7980,271515,14550
PERTH,2021,8,136243,132964,2894,2954,269207,5848
PERTH,2021,9,159249,151192,1316,2728,310441,4044
PERTH,2021,10,159047,153702,1436,3048,312749,4484
PERTH,2021,11,166141,163799,1295,4178,329940,5473
PERTH,2021,12,129919,119443,1660,4936,249362,6596
PERTH,2022,1,82324,99652,916,5815,181976,6731
PERTH,2022,2,111832,92555,1334,6318,204387,7652
PERTH,2022,3,199907,187184,26166,19622,387091,45788
PERTH,2022,4,280604,273619,49607,50958,554223,100565
PERTH,2022,5,291176,291762,56675,62118,582938,118793
PERTH,2022,6,313411,307999,71995,88871,621410,160866
PERTH,2022,7,331277,332116,106979,99663,663393,206642
PERTH,2022,8,323527,315687,108969,97490,639214,206459
PERTH,2022,9,337380,333644,115510,109928,671024,225438
PERTH,2022,10,348557,343902,128126,104582,692459,232708
PERTH,2022,11,334653,333409,131657,129121,668062,260778
PERTH,2022,12,346758,326265,132960,165623,673023,298583
PERTH,2023,1,330336,344735,177450,145653,675071,323103
PERTH,2023,2,290466,295779,156832,116727,586245,273559
PERTH,2023,3,356856,349462,151270,150223,706318,301493
PERTH,2023,4,340147,338989,146858,155633,679136,302491
PERTH,2023,5,338963,338929,142937,152065,677892,295002
PERTH,2023,6,324425,321743,144937,167385,646168,312322
PERTH,2023,7,353381,350117,180536,159180,703498,339716
PERTH,2023,8,350137,343829,172116,161123,693966,333239
PERTH,2023,9,351260,350195,172558,172998,701455,345556
PERTH,2023,10,380166,376282,186428,154767,756448,341195
PERTH,2023,11,373193,369375,168455,169862,742568,338317
PERTH,2023,12,361408,348658,170872,208971,710066,379843
PERTH,2024,1,346887,354720,223269,182147,701607,405416
PERTH,2024,2,318078,319200,189649,159940,637278,349589
PERTH,2024,3,351087,351770,176149,191162,702857,367311
PERTH,2024,4,365926,364480,188116,182632,730406,370748
PROSERPINE,2009,1,9759,10028,0,0,19787,0
PROSERPINE,2009,2,8023,8035,0,0,16058,0
PROSERPINE,2009,3,9231,9060,0,0,18291,0
PROSERPINE,2009,4,9051,8963,0,0,18014,0
PROSERPINE,2009,5,8790,8663,0,0,17453,0
PROSERPINE,2009,6,8879,8321,0,0,17200,0
PROSERPINE,2009,7,9449,9351,0,0,18800,0
PROSERPINE,2009,8,9981,9559,0,0,19540,0
PROSERPINE,2009,9,9765,9403,0,0,19168,0
PROSERPINE,2009,10,9888,9861,0,0,19749,0
PROSERPINE,2009,11,9402,9459,0,0,18861,0
PROSERPINE,2009,12,9015,8928,0,0,17943,0
PROSERPINE,2010,1,8569,8729,0,0,17298,0
PROSERPINE,2010,2,7896,7966,0,0,15862,0
PROSERPINE,2010,3,8101,7673,0,0,15774,0
PROSERPINE,2010,4,8558,8647,0,0,17205,0
PROSERPINE,2010,5,8348,8171,0,0,16519,0
PROSERPINE,2010,6,8678,8222,0,0,16900,0
PROSERPINE,2010,7,9127,9290,0,0,18417,0
PROSERPINE,2010,8,9331,9217,0,0,18548,0
PROSERPINE,2010,9,9302,8925,0,0,18227,0
PROSERPINE,2010,10,9539,9830,0,0,19369,0
PROSERPINE,2010,11,9102,9345,0,0,18447,0
PROSERPINE,2010,12,8927,9023,0,0,17950,0
PROSERPINE,2011,1,8548,9026,0,0,17574,0
PROSERPINE,2011,2,6418,6268,0,0,12686,0
PROSERPINE,2011,3,7831,7688,0,0,15519,0
PROSERPINE,2011,4,8488,7992,0,0,16480,0
PROSERPINE,2011,5,7869,8354,0,0,16223,0
PROSERPINE,2011,6,8128,7868,0,0,15996,0
PROSERPINE,2011,7,8846,9327,0,0,18173,0
PROSERPINE,2011,8,9402,9331,0,0,18733,0
PROSERPINE,2011,9,9391,9255,0,0,18646,0
PROSERPINE,2011,10,9297,10130,0,0,19427,0
PROSERPINE,2011,11,8801,9178,0,0,17979,0
PROSERPINE,2011,12,8660,8846,0,0,17506,0
PROSERPINE,2012,1,8341,9156,0,0,17497,0
PROSERPINE,2012,2,6920,7168,0,0,14088,0
PROSERPINE,2012,3,8938,8905,0,0,17843,0
PROSERPINE,2012,4,9609,9807,0,0,19416,0
PROSERPINE,2012,5,8904,8908,0,0,17812,0
PROSERPINE,2012,6,9301,9162,0,0,18463,0
PROSERPINE,2012,7,10319,11294,0,0,21613,0
PROSERPINE,2012,8,10138,10349,0,0,20487,0
PROSERPINE,2012,9,10437,10276,0,0,20713,0
PROSERPINE,2012,10,10843,11896,0,0,22739,0
PROSERPINE,2012,11,10473,11118,0,0,21591,0
PROSERPINE,2012,12,10298,10253,0,0,20551,0
PROSERPINE,2013,1,9638,10945,0,0,20583,0
PROSERPINE,2013,2,7633,8097,0,0,15730,0
PROSERPINE,2013,3,8850,8511,0,0,17361,0
PROSERPINE,2013,4,9351,9764,0,0,19115,0
PROSERPINE,2013,5,8365,8543,0,0,16908,0
PROSERPINE,2013,6,9031,8630,0,0,17661,0
PROSERPINE,2013,7,10322,10873,0,0,21195,0
PROSERPINE,2013,8,10085,10227,0,0,20312,0
PROSERPINE,2013,9,10706,10345,0,0,21051,0
PROSERPINE,2013,10,10719,11531,0,0,22250,0
PROSERPINE,2013,11,10092,10543,0,0,20635,0
PROSERPINE,2013,12,10679,10922,0,0,21601,0
PROSERPINE,2014,1,9634,10866,0,0,20500,0
PROSERPINE,2014,2,8002,8286,0,0,16288,0
PROSERPINE,2014,3,8991,9140,0,0,18131,0
PROSERPINE,2014,4,11099,11015,0,0,22114,0
PROSERPINE,2014,5,10032,10275,0,0,20307,0
PROSERPINE,2014,6,10204,9879,0,0,20083,0
PROSERPINE,2014,7,11761,12275,0,0,24036,0
PROSERPINE,2014,8,11678,11905,0,0,23583,0
PROSERPINE,2014,9,12473,11757,0,0,24230,0
PROSERPINE,2014,10,12509,13521,0,0,26030,0
PROSERPINE,2014,11,11784,12206,0,0,23990,0
PROSERPINE,2014,12,12741,12305,0,0,25046,0
PROSERPINE,2015,1,11693,13093,0,0,24786,0
PROSERPINE,2015,2,10227,10566,0,0,20793,0
PROSERPINE,2015,3,10755,10474,0,0,21229,0
PROSERPINE,2015,4,12229,12530,0,0,24759,0
PROSERPINE,2015,5,10253,10481,0,0,20734,0
PROSERPINE,2015,6,11392,10240,0,0,21632,0
PROSERPINE,2015,7,15081,15626,0,0,30707,0
PROSERPINE,2015,8,14836,15049,0,0,29885,0
PROSERPINE,2015,9,15547,14935,0,0,30482,0
PROSERPINE,2015,10,15690,16533,0,0,32223,0
PROSERPINE,2015,11,14857,15355,0,0,30212,0
PROSERPINE,2015,12,15727,15960,0,0,31687,0
PROSERPINE,2016,1,14831,16301,0,0,31132,0
PROSERPINE,2016,2,13452,13838,0,0,27290,0
PROSERPINE,2016,3,14101,13833,0,0,27934,0
PROSERPINE,2016,4,13458,13972,0,0,27430,0
PROSERPINE,2016,5,11882,12342,0,0,24224,0
PROSERPINE,2016,6,12667,12157,0,0,24824,0
PROSERPINE,2016,7,14239,14944,0,0,29183,0
PROSERPINE,2016,8,14357,14671,0,0,29028,0
PROSERPINE,2016,9,15023,14654,0,0,29677,0
PROSERPINE,2016,10,15452,16245,0,0,31697,0
PROSERPINE,2016,11,13699,13958,0,0,27657,0
PROSERPINE,2016,12,16488,16274,0,0,32762,0
PROSERPINE,2017,1,15556,16081,0,0,31637,0
PROSERPINE,2017,2,12029,12292,0,0,24321,0
PROSERPINE,2017,3,11513,11715,0,0,23228,0
PROSERPINE,2017,4,15691,14923,0,0,30614,0
PROSERPINE,2017,5,14840,15408,0,0,30248,0
PROSERPINE,2017,6,16820,16200,0,0,33020,0
PROSERPINE,2017,7,20625,20398,0,0,41023,0
PROSERPINE,2017,8,19617,19839,0,0,39456,0
PROSERPINE,2017,9,21317,20693,0,0,42010,0
PROSERPINE,2017,10,21185,22462,0,0,43647,0
PROSERPINE,2017,11,20533,20773,0,0,41306,0
PROSERPINE,2017,12,22559,22502,0,0,45061,0
PROSERPINE,2018,1,21993,22945,0,0,44938,0
PROSERPINE,2018,2,18462,18792,0,0,37254,0
PROSERPINE,2018,3,18620,18345,0,0,36965,0
PROSERPINE,2018,4,17833,18279,0,0,36112,0
PROSERPINE,2018,5,15367,15854,0,0,31221,0
PROSERPINE,2018,6,15845,15120,0,0,30965,0
PROSERPINE,2018,7,19896,20072,0,0,39968,0
PROSERPINE,2018,8,18869,19086,0,0,37955,0
PROSERPINE,2018,9,19247,19046,0,0,38293,0
PROSERPINE,2018,10,20304,21563,0,0,41867,0
PROSERPINE,2018,11,17771,18077,0,0,35848,0
PROSERPINE,2018,12,18653,18536,0,0,37189,0
PROSERPINE,2019,1,18536,19795,0,0,38331,0
PROSERPINE,2019,2,14441,14851,0,0,29292,0
PROSERPINE,2019,3,16209,16151,0,0,32360,0
PROSERPINE,2019,4,19048,18648,0,0,37696,0
PROSERPINE,2019,5,15733,16071,0,0,31804,0
PROSERPINE,2019,6,14909,14476,0,0,29385,0
PROSERPINE,2019,7,19243,19486,0,0,38729,0
PROSERPINE,2019,8,18760,19214,0,0,37974,0
PROSERPINE,2019,9,19881,19373,0,0,39254,0
PROSERPINE,2019,10,20514,21411,0,0,41925,0
PROSERPINE,2019,11,18567,19106,0,0,37673,0
PROSERPINE,2019,12,19715,19276,0,0,38991,0
PROSERPINE,2020,1,20126,21409,0,0,41535,0
PROSERPINE,2020,2,12850,13192,0,0,26042,0
PROSERPINE,2020,3,9929,10658,0,0,20587,0
PROSERPINE,2020,4,0,0,0,0,0,0
PROSERPINE,2020,5,0,0,0,0,0,0
PROSERPINE,2020,6,1266,1092,0,0,2358,0
PROSERPINE,2020,7,8432,7792,0,0,16224,0
PROSERPINE,2020,8,6557,6821,0,0,13378,0
PROSERPINE,2020,9,8761,8067,0,0,16828,0
PROSERPINE,2020,10,10239,10590,0,0,20829,0
PROSERPINE,2020,11,9820,9923,0,0,19743,0
PROSERPINE,2020,12,14433,13709,0,0,28142,0
PROSERPINE,2021,1,11119,12490,0,0,23609,0
PROSERPINE,2021,2,10299,10213,0,0,20512,0
PROSERPINE,2021,3,14453,14016,0,0,28469,0
PROSERPINE,2021,4,16223,16212,0,0,32435,0
PROSERPINE,2021,5,14345,14464,0,0,28809,0
PROSERPINE,2021,6,12513,11710,0,0,24223,0
PROSERPINE,2021,7,10540,12183,0,0,22723,0
PROSERPINE,2021,8,5865,6188,0,0,12053,0
PROSERPINE,2021,9,12203,11000,0,0,23203,0
PROSERPINE,2021,10,13044,13649,0,0,26693,0
PROSERPINE,2021,11,13440,13706,0,0,27146,0
PROSERPINE,2021,12,18479,16683,0,0,35162,0
PROSERPINE,2022,1,18897,20768,0,0,39665,0
PROSERPINE,2022,2,13561,13586,0,0,27147,0
PROSERPINE,2022,3,17193,16632,0,0,33825,0
PROSERPINE,2022,4,23962,23356,0,0,47318,0
PROSERPINE,2022,5,18836,18806,0,0,37642,0
PROSERPINE,2022,6,19622,18549,0,0,38171,0
PROSERPINE,2022,7,20815,21527,0,0,42342,0
PROSERPINE,2022,8,19834,20075,0,0,39909,0
PROSERPINE,2022,9,21583,21160,0,0,42743,0
PROSERPINE,2022,10,20715,21201,0,0,41916,0
PROSERPINE,2022,11,17349,17783,0,0,35132,0
PROSERPINE,2022,12,19622,19108,0,0,38730,0
PROSERPINE,2023,1,18209,18825,0,0,37034,0
PROSERPINE,2023,2,15250,15730,0,0,30980,0
PROSERPINE,2023,3,19361,18776,0,0,38137,0
PROSERPINE,2023,4,24326,24859,0,0,49185,0
PROSERPINE,2023,5,19845,19781,0,0,39626,0
PROSERPINE,2023,6,21623,20460,0,0,42083,0
PROSERPINE,2023,7,23681,24606,0,0,48287,0
PROSERPINE,2023,8,21693,22050,0,0,43743,0
PROSERPINE,2023,9,22448,22349,0,0,44797,0
PROSERPINE,2023,10,22646,23837,0,0,46483,0
PROSERPINE,2023,11,20686,21159,0,0,41845,0
PROSERPINE,2023,12,23987,24016,0,0,48003,0
PROSERPINE,2024,1,20985,22932,0,0,43917,0
PROSERPINE,2024,2,17744,17507,0,0,35251,0
PROSERPINE,2024,3,19267,18757,0,0,38024,0
PROSERPINE,2024,4,22044,22995,0,0,45039,0
ROCKHAMPTON,2009,1,27838,27816,0,0,55654,0
ROCKHAMPTON,2009,2,26096,26052,0,0,52148,0
ROCKHAMPTON,2009,3,30613,30615,0,0,61228,0
ROCKHAMPTON,2009,4,29947,30137,0,0,60084,0
ROCKHAMPTON,2009,5,32044,32158,0,0,64202,0
ROCKHAMPTON,2009,6,31158,30900,0,0,62058,0
ROCKHAMPTON,2009,7,33870,34180,0,0,68050,0
ROCKHAMPTON,2009,8,32895,33046,0,0,65941,0
ROCKHAMPTON,2009,9,32037,32141,0,0,64178,0
ROCKHAMPTON,2009,10,32645,32258,0,0,64903,0
ROCKHAMPTON,2009,11,30845,31069,0,0,61914,0
ROCKHAMPTON,2009,12,31584,31393,0,0,62977,0
ROCKHAMPTON,2010,1,28140,27337,0,0,55477,0
ROCKHAMPTON,2010,2,28848,29279,0,0,58127,0
ROCKHAMPTON,2010,3,31683,31492,0,0,63175,0
ROCKHAMPTON,2010,4,32528,32819,0,0,65347,0
ROCKHAMPTON,2010,5,31609,31994,0,0,63603,0
ROCKHAMPTON,2010,6,31776,31936,0,0,63712,0
ROCKHAMPTON,2010,7,32566,32375,0,0,64941,0
ROCKHAMPTON,2010,8,32964,33147,0,0,66111,0
ROCKHAMPTON,2010,9,35141,34516,0,0,69657,0
ROCKHAMPTON,2010,10,34566,35074,0,0,69640,0
ROCKHAMPTON,2010,11,33956,34024,0,0,67980,0
ROCKHAMPTON,2010,12,33991,35451,0,0,69442,0
ROCKHAMPTON,2011,1,5269,5116,0,0,10385,0
ROCKHAMPTON,2011,2,24652,25149,0,0,49801,0
ROCKHAMPTON,2011,3,31111,31167,0,0,62278,0
ROCKHAMPTON,2011,4,30645,31000,0,0,61645,0
ROCKHAMPTON,2011,5,32375,31886,0,0,64261,0
ROCKHAMPTON,2011,6,31658,32006,0,0,63664,0
ROCKHAMPTON,2011,7,33714,33198,0,0,66912,0
ROCKHAMPTON,2011,8,32043,32844,0,0,64887,0
ROCKHAMPTON,2011,9,33314,33530,0,0,66844,0
ROCKHAMPTON,2011,10,33143,33017,0,0,66160,0
ROCKHAMPTON,2011,11,31283,31933,0,0,63216,0
ROCKHAMPTON,2011,12,29789,31185,0,0,60974,0
ROCKHAMPTON,2012,1,28848,26683,0,0,55531,0
ROCKHAMPTON,2012,2,27803,28135,0,0,55938,0
ROCKHAMPTON,2012,3,31965,32723,0,0,64688,0
ROCKHAMPTON,2012,4,29104,28659,0,0,57763,0
ROCKHAMPTON,2012,5,32553,33000,0,0,65553,0
ROCKHAMPTON,2012,6,30958,31209,0,0,62167,0
ROCKHAMPTON,2012,7,33126,32867,0,0,65993,0
ROCKHAMPTON,2012,8,31761,32897,0,0,64658,0
ROCKHAMPTON,2012,9,31267,31901,0,0,63168,0
ROCKHAMPTON,2012,10,33144,32818,0,0,65962,0
ROCKHAMPTON,2012,11,29891,31469,0,0,61360,0
ROCKHAMPTON,2012,12,28130,29566,0,0,57696,0
ROCKHAMPTON,2013,1,26053,25068,0,0,51121,0
ROCKHAMPTON,2013,2,23351,23878,0,0,47229,0
ROCKHAMPTON,2013,3,29902,30033,0,0,59935,0
ROCKHAMPTON,2013,4,30121,29482,0,0,59603,0
ROCKHAMPTON,2013,5,28301,29182,0,0,57483,0
ROCKHAMPTON,2013,6,28477,28416,0,0,56893,0
ROCKHAMPTON,2013,7,32536,32135,0,0,64671,0
ROCKHAMPTON,2013,8,30445,31810,0,0,62255,0
ROCKHAMPTON,2013,9,29872,29752,0,0,59624,0
ROCKHAMPTON,2013,10,31967,31805,0,0,63772,0
ROCKHAMPTON,2013,11,28088,28736,0,0,56824,0
ROCKHAMPTON,2013,12,27947,29145,0,0,57092,0
ROCKHAMPTON,2014,1,25175,24038,0,0,49213,0
ROCKHAMPTON,2014,2,23180,23684,0,0,46864,0
ROCKHAMPTON,2014,3,27884,27840,0,0,55724,0
ROCKHAMPTON,2014,4,27499,27452,0,0,54951,0
ROCKHAMPTON,2014,5,27343,28383,0,0,55726,0
ROCKHAMPTON,2014,6,27393,27278,0,0,54671,0
ROCKHAMPTON,2014,7,29036,29421,0,0,58457,0
ROCKHAMPTON,2014,8,27277,28234,0,0,55511,0
ROCKHAMPTON,2014,9,29157,28751,0,0,57908,0
ROCKHAMPTON,2014,10,29349,29603,0,0,58952,0
ROCKHAMPTON,2014,11,25794,26723,0,0,52517,0
ROCKHAMPTON,2014,12,25108,25809,0,0,50917,0
ROCKHAMPTON,2015,1,23029,21618,0,0,44647,0
ROCKHAMPTON,2015,2,19713,19899,0,0,39612,0
ROCKHAMPTON,2015,3,27755,27804,0,0,55559,0
ROCKHAMPTON,2015,4,26068,26228,0,0,52296,0
ROCKHAMPTON,2015,5,27726,28056,0,0,55782,0
ROCKHAMPTON,2015,6,26538,26217,0,0,52755,0
ROCKHAMPTON,2015,7,27714,28588,0,0,56302,0
ROCKHAMPTON,2015,8,25644,25817,0,0,51461,0
ROCKHAMPTON,2015,9,25941,26185,0,0,52126,0
ROCKHAMPTON,2015,10,26606,26540,0,0,53146,0
ROCKHAMPTON,2015,11,25321,26155,0,0,51476,0
ROCKHAMPTON,2015,12,24365,24938,0,0,49303,0
ROCKHAMPTON,2016,1,20585,19538,0,0,40123,0
ROCKHAMPTON,2016,2,21204,20977,0,0,42181,0
ROCKHAMPTON,2016,3,23995,24732,0,0,48727,0
ROCKHAMPTON,2016,4,24289,23917,0,0,48206,0
ROCKHAMPTON,2016,5,25201,25046,0,0,50247,0
ROCKHAMPTON,2016,6,24694,24846,0,0,49540,0
ROCKHAMPTON,2016,7,25130,25466,0,0,50596,0
ROCKHAMPTON,2016,8,25307,25273,0,0,50580,0
ROCKHAMPTON,2016,9,26180,26113,0,0,52293,0
ROCKHAMPTON,2016,10,25428,25446,0,0,50874,0
ROCKHAMPTON,2016,11,24719,25047,0,0,49766,0
ROCKHAMPTON,2016,12,25262,25852,0,0,51114,0
ROCKHAMPTON,2017,1,21665,20165,0,0,41830,0
ROCKHAMPTON,2017,2,21090,20902,0,0,41992,0
ROCKHAMPTON,2017,3,24218,25245,0,0,49463,0
ROCKHAMPTON,2017,4,15131,14976,0,0,30107,0
ROCKHAMPTON,2017,5,24313,24516,0,0,48829,0
ROCKHAMPTON,2017,6,24567,23905,0,0,48472,0
ROCKHAMPTON,2017,7,26291,26769,0,0,53060,0
ROCKHAMPTON,2017,8,25111,24886,0,0,49997,0
ROCKHAMPTON,2017,9,25076,24912,0,0,49988,0
ROCKHAMPTON,2017,10,25201,25683,0,0,50884,0
ROCKHAMPTON,2017,11,23202,23451,0,0,46653,0
ROCKHAMPTON,2017,12,22595,22644,0,0,45239,0
ROCKHAMPTON,2018,1,21014,19404,0,0,40418,0
ROCKHAMPTON,2018,2,19329,19416,0,0,38745,0
ROCKHAMPTON,2018,3,23895,23665,0,0,47560,0
ROCKHAMPTON,2018,4,21851,21368,0,0,43219,0
ROCKHAMPTON,2018,5,26196,25796,0,0,51992,0
ROCKHAMPTON,2018,6,22731,23045,0,0,45776,0
ROCKHAMPTON,2018,7,23750,23741,0,0,47491,0
ROCKHAMPTON,2018,8,25001,25028,0,0,50029,0
ROCKHAMPTON,2018,9,22995,23668,0,0,46663,0
ROCKHAMPTON,2018,10,24857,24440,0,0,49297,0
ROCKHAMPTON,2018,11,22684,23271,0,0,45955,0
ROCKHAMPTON,2018,12,21740,22711,0,0,44451,0
ROCKHAMPTON,2019,1,21021,19909,0,0,40930,0
ROCKHAMPTON,2019,2,20247,20267,0,0,40514,0
ROCKHAMPTON,2019,3,23204,23353,0,0,46557,0
ROCKHAMPTON,2019,4,22961,22699,0,0,45660,0
ROCKHAMPTON,2019,5,24496,24526,0,0,49022,0
ROCKHAMPTON,2019,6,23208,22846,0,0,46054,0
ROCKHAMPTON,2019,7,27086,27017,0,0,54103,0
ROCKHAMPTON,2019,8,24649,25631,0,0,50280,0
ROCKHAMPTON,2019,9,25279,24781,0,0,50060,0
ROCKHAMPTON,2019,10,26365,26282,0,0,52647,0
ROCKHAMPTON,2019,11,23925,24665,0,0,48590,0
ROCKHAMPTON,2019,12,23304,23822,0,0,47126,0
ROCKHAMPTON,2020,1,21682,20775,0,0,42457,0
ROCKHAMPTON,2020,2,20718,20712,0,0,41430,0
ROCKHAMPTON,2020,3,16383,15076,0,0,31459,0
ROCKHAMPTON,2020,4,1234,1271,0,0,2505,0
ROCKHAMPTON,2020,5,2071,2088,0,0,4159,0
ROCKHAMPTON,2020,6,4595,4698,0,0,9293,0
ROCKHAMPTON,2020,7,8535,8745,0,0,17280,0
ROCKHAMPTON,2020,8,8972,9209,0,0,18181,0
ROCKHAMPTON,2020,9,10594,10633,0,0,21227,0
ROCKHAMPTON,2020,10,12598,13364,0,0,25962,0
ROCKHAMPTON,2020,11,14346,14156,0,0,28502,0
ROCKHAMPTON,2020,12,16667,16649,0,0,33316,0
ROCKHAMPTON,2021,1,12142,12504,0,0,24646,0
ROCKHAMPTON,2021,2,14433,14563,0,0,28996,0
ROCKHAMPTON,2021,3,18678,18454,0,0,37132,0
ROCKHAMPTON,2021,4,18320,18576,0,0,36896,0
ROCKHAMPTON,2021,5,21818,21819,0,0,43637,0
ROCKHAMPTON,2021,6,19783,19784,0,0,39567,0
ROCKHAMPTON,2021,7,15748,16180,0,0,31928,0
ROCKHAMPTON,2021,8,10187,9910,0,0,20097,0
ROCKHAMPTON,2021,9,15913,16157,0,0,32070,0
ROCKHAMPTON,2021,10,16260,16802,0,0,33062,0
ROCKHAMPTON,2021,11,17545,17459,0,0,35004,0
ROCKHAMPTON,2021,12,18646,18401,0,0,37047,0
ROCKHAMPTON,2022,1,12526,12465,0,0,24991,0
ROCKHAMPTON,2022,2,13441,13612,0,0,27053,0
ROCKHAMPTON,2022,3,18543,19039,0,0,37582,0
ROCKHAMPTON,2022,4,20984,21003,0,0,41987,0
ROCKHAMPTON,2022,5,22452,22360,0,0,44812,0
ROCKHAMPTON,2022,6,22499,22892,0,0,45391,0
ROCKHAMPTON,2022,7,22938,22747,0,0,45685,0
ROCKHAMPTON,2022,8,22850,22597,0,0,45447,0
ROCKHAMPTON,2022,9,21059,20981,0,0,42040,0
ROCKHAMPTON,2022,10,21071,21898,0,0,42969,0
ROCKHAMPTON,2022,11,22545,22441,0,0,44986,0
ROCKHAMPTON,2022,12,20503,21265,0,0,41768,0
ROCKHAMPTON,2023,1,19410,18552,0,0,37962,0
ROCKHAMPTON,2023,2,19787,20157,0,0,39944,0
ROCKHAMPTON,2023,3,26024,26325,0,0,52349,0
ROCKHAMPTON,2023,4,25915,26023,0,0,51938,0
ROCKHAMPTON,2023,5,28156,28295,0,0,56451,0
ROCKHAMPTON,2023,6,28019,28025,0,0,56044,0
ROCKHAMPTON,2023,7,30335,29536,0,0,59871,0
ROCKHAMPTON,2023,8,28704,29340,0,0,58044,0
ROCKHAMPTON,2023,9,28901,28755,0,0,57656,0
ROCKHAMPTON,2023,10,28628,28335,0,0,56963,0
ROCKHAMPTON,2023,11,27258,27927,0,0,55185,0
ROCKHAMPTON,2023,12,25308,25068,0,0,50376,0
ROCKHAMPTON,2024,1,23137,21781,0,0,44918,0
ROCKHAMPTON,2024,2,24804,25222,0,0,50026,0
ROCKHAMPTON,2024,3,28398,27865,0,0,56263,0
ROCKHAMPTON,2024,4,28965,28067,0,0,57032,0
SUNSHINE COAST,2009,1,45697,47665,0,0,93362,0
SUNSHINE COAST,2009,2,31655,31563,0,0,63218,0
SUNSHINE COAST,2009,3,35955,35832,0,0,71787,0
SUNSHINE COAST,2009,4,37483,37954,0,0,75437,0
SUNSHINE COAST,2009,5,34213,34168,0,0,68381,0
SUNSHINE COAST,2009,6,31734,30909,0,0,62643,0
SUNSHINE COAST,2009,7,35748,34738,0,0,70486,0
SUNSHINE COAST,2009,8,35999,35808,0,0,71807,0
SUNSHINE COAST,2009,9,35010,34510,0,0,69520,0
SUNSHINE COAST,2009,10,37978,38239,0,0,76217,0
SUNSHINE COAST,2009,11,34449,36311,0,0,70760,0
SUNSHINE COAST,2009,12,33817,31572,0,0,65389,0
SUNSHINE COAST,2010,1,34713,37517,0,0,72230,0
SUNSHINE COAST,2010,2,28925,29019,0,0,57944,0
SUNSHINE COAST,2010,3,31817,30574,0,0,62391,0
SUNSHINE COAST,2010,4,34920,36742,0,0,71662,0
SUNSHINE COAST,2010,5,31064,31888,0,0,62952,0
SUNSHINE COAST,2010,6,30986,30062,0,0,61048,0
SUNSHINE COAST,2010,7,39239,38214,0,0,77453,0
SUNSHINE COAST,2010,8,36256,36552,0,0,72808,0
SUNSHINE COAST,2010,9,40102,37481,0,0,77583,0
SUNSHINE COAST,2010,10,41486,43119,0,0,84605,0
SUNSHINE COAST,2010,11,39243,40850,0,0,80093,0
SUNSHINE COAST,2010,12,42747,40153,0,0,82900,0
SUNSHINE COAST,2011,1,41828,47366,0,0,89194,0
SUNSHINE COAST,2011,2,30150,30658,0,0,60808,0
SUNSHINE COAST,2011,3,36120,35698,0,0,71818,0
SUNSHINE COAST,2011,4,43279,42511,0,0,85790,0
SUNSHINE COAST,2011,5,33996,34824,0,0,68820,0
SUNSHINE COAST,2011,6,31320,30983,0,0,62303,0
SUNSHINE COAST,2011,7,39098,37432,0,0,76530,0
SUNSHINE COAST,2011,8,31928,32338,0,0,64266,0
SUNSHINE COAST,2011,9,36209,33826,0,0,70035,0
SUNSHINE COAST,2011,10,34464,36932,0,0,71396,0
SUNSHINE COAST,2011,11,31538,33287,0,0,64825,0
SUNSHINE COAST,2011,12,36982,34648,0,0,71630,0
SUNSHINE COAST,2012,1,38159,41261,0,0,79420,0
SUNSHINE COAST,2012,2,27076,27246,0,0,54322,0
SUNSHINE COAST,2012,3,30082,29475,0,0,59557,0
SUNSHINE COAST,2012,4,32772,32788,0,0,65560,0
SUNSHINE COAST,2012,5,28420,29068,0,0,57488,0
SUNSHINE COAST,2012,6,28911,27169,0,0,56080,0
SUNSHINE COAST,2012,7,33872,33736,1229,1055,67608,2284
SUNSHINE COAST,2012,8,29763,29595,1029,1003,59358,2032
SUNSHINE COAST,2012,9,37430,35925,606,791,73355,1397
SUNSHINE COAST,2012,10,35579,37586,0,0,73165,0
SUNSHINE COAST,2012,11,34918,36027,0,0,70945,0
SUNSHINE COAST,2012,12,37389,35415,0,0,72804,0
SUNSHINE COAST,2013,1,36254,38189,0,0,74443,0
SUNSHINE COAST,2013,2,24714,24656,0,0,49370,0
SUNSHINE COAST,2013,3,32048,30913,0,0,62961,0
SUNSHINE COAST,2013,4,36161,37327,0,0,73488,0
SUNSHINE COAST,2013,5,29685,30278,0,0,59963,0
SUNSHINE COAST,2013,6,33169,31801,511,329,64970,840
SUNSHINE COAST,2013,7,37078,37819,1162,1071,74897,2233
SUNSHINE COAST,2013,8,36603,35762,1044,982,72365,2026
SUNSHINE COAST,2013,9,41230,39147,1128,1136,80377,2264
SUNSHINE COAST,2013,10,40790,42214,553,489,83004,1042
SUNSHINE COAST,2013,11,38361,39769,0,0,78130,0
SUNSHINE COAST,2013,12,42692,41439,0,0,84131,0
SUNSHINE COAST,2014,1,43005,46710,0,0,89715,0
SUNSHINE COAST,2014,2,29074,29820,0,0,58894,0
SUNSHINE COAST,2014,3,35429,35329,0,0,70758,0
SUNSHINE COAST,2014,4,38492,37941,0,0,76433,0
SUNSHINE COAST,2014,5,30745,31349,0,0,62094,0
SUNSHINE COAST,2014,6,32016,30493,278,183,62509,461
SUNSHINE COAST,2014,7,36813,37428,1508,1203,74241,2711
SUNSHINE COAST,2014,8,32624,32124,1373,1191,64748,2564
SUNSHINE COAST,2014,9,38614,37179,1234,1210,75793,2444
SUNSHINE COAST,2014,10,39738,40931,1022,1046,80669,2068
SUNSHINE COAST,2014,11,35622,36709,0,0,72331,0
SUNSHINE COAST,2014,12,37877,36038,0,0,73915,0
SUNSHINE COAST,2015,1,37890,42048,0,0,79938,0
SUNSHINE COAST,2015,2,26196,25986,0,0,52182,0
SUNSHINE COAST,2015,3,32867,31577,0,0,64444,0
SUNSHINE COAST,2015,4,36413,38432,0,0,74845,0
SUNSHINE COAST,2015,5,29833,30090,0,0,59923,0
SUNSHINE COAST,2015,6,33566,31083,277,164,64649,441
SUNSHINE COAST,2015,7,39430,40072,1771,1381,79502,3152
SUNSHINE COAST,2015,8,37099,37056,1625,1570,74155,3195
SUNSHINE COAST,2015,9,44012,41811,1643,1593,85823,3236
SUNSHINE COAST,2015,10,43308,45063,1104,1133,88371,2237
SUNSHINE COAST,2015,11,39106,40016,0,0,79122,0
SUNSHINE COAST,2015,12,43719,41433,636,701,85152,1337
SUNSHINE COAST,2016,1,42454,47148,1157,1031,89602,2188
SUNSHINE COAST,2016,2,31549,31537,799,791,63086,1590
SUNSHINE COAST,2016,3,38086,37653,0,0,75739,0
SUNSHINE COAST,2016,4,40425,41283,0,0,81708,0
SUNSHINE COAST,2016,5,34073,34407,0,0,68480,0
SUNSHINE COAST,2016,6,36604,33840,0,0,70444,0
SUNSHINE COAST,2016,7,45489,45561,2074,1472,91050,3546
SUNSHINE COAST,2016,8,38254,38622,1740,1512,76876,3252
SUNSHINE COAST,2016,9,46247,44443,1894,1746,90690,3640
SUNSHINE COAST,2016,10,47646,48922,1663,1627,96568,3290
SUNSHINE COAST,2016,11,44417,46669,0,0,91086,0
SUNSHINE COAST,2016,12,50172,47251,0,0,97423,0
SUNSHINE COAST,2017,1,49190,53993,0,0,103183,0
SUNSHINE COAST,2017,2,34293,34971,0,0,69264,0
SUNSHINE COAST,2017,3,40638,40397,0,0,81035,0
SUNSHINE COAST,2017,4,50593,50278,0,0,100871,0
SUNSHINE COAST,2017,5,37113,37748,0,0,74861,0
SUNSHINE COAST,2017,6,38577,36242,0,0,74819,0
SUNSHINE COAST,2017,7,50839,49711,1948,1355,100550,3303
SUNSHINE COAST,2017,8,42229,43299,1776,1463,85528,3239
SUNSHINE COAST,2017,9,51975,48898,1839,1731,100873,3570
SUNSHINE COAST,2017,10,53541,57037,1882,1725,110578,3607
SUNSHINE COAST,2017,11,49954,51052,0,0,101006,0
SUNSHINE COAST,2017,12,57051,53346,0,0,110397,0
SUNSHINE COAST,2018,1,56675,62979,0,0,119654,0
SUNSHINE COAST,2018,2,39789,40298,0,0,80087,0
SUNSHINE COAST,2018,3,48749,46397,0,0,95146,0
SUNSHINE COAST,2018,4,50703,52628,0,0,103331,0
SUNSHINE COAST,2018,5,41866,42680,0,0,84546,0
SUNSHINE COAST,2018,6,42877,40596,0,0,83473,0
SUNSHINE COAST,2018,7,55230,54396,1943,1380,109626,3323
SUNSHINE COAST,2018,8,51496,51623,2175,1991,103119,4166
SUNSHINE COAST,2018,9,55141,53132,1918,1727,108273,3645
SUNSHINE COAST,2018,10,56206,58514,1583,1586,114720,3169
SUNSHINE COAST,2018,11,53067,53467,0,0,106534,0
SUNSHINE COAST,2018,12,57912,54181,0,0,112093,0
SUNSHINE COAST,2019,1,55988,61362,0,0,117350,0
SUNSHINE COAST,2019,2,38801,39935,0,0,78736,0
SUNSHINE COAST,2019,3,48596,47462,0,0,96058,0
SUNSHINE COAST,2019,4,57922,57602,0,0,115524,0
SUNSHINE COAST,2019,5,45297,45610,0,0,90907,0
SUNSHINE COAST,2019,6,46464,43854,0,0,90318,0
SUNSHINE COAST,2019,7,57693,57053,1830,1209,114746,3039
SUNSHINE COAST,2019,8,52112,51992,1994,1631,104104,3625
SUNSHINE COAST,2019,9,59157,56402,2012,1844,115559,3856
SUNSHINE COAST,2019,10,59624,62335,1252,1312,121959,2564
SUNSHINE COAST,2019,11,54862,55816,0,0,110678,0
SUNSHINE COAST,2019,12,58993,55020,0,0,114013,0
SUNSHINE COAST,2020,1,49802,53319,0,0,103121,0
SUNSHINE COAST,2020,2,40821,41262,0,0,82083,0
SUNSHINE COAST,2020,3,30794,31890,0,0,62684,0
SUNSHINE COAST,2020,4,0,0,0,0,0,0
SUNSHINE COAST,2020,5,0,0,0,0,0,0
SUNSHINE COAST,2020,6,0,0,0,0,0,0
SUNSHINE COAST,2020,7,4595,4152,0,0,8747,0
SUNSHINE COAST,2020,8,1032,1717,0,0,2749,0
SUNSHINE COAST,2020,9,2320,2238,0,0,4558,0
SUNSHINE COAST,2020,10,3472,3484,0,0,6956,0
SUNSHINE COAST,2020,11,3424,3869,0,0,7293,0
SUNSHINE COAST,2020,12,27355,21832,0,0,49187,0
SUNSHINE COAST,2021,1,25047,32503,0,0,57550,0
SUNSHINE COAST,2021,2,21393,22134,0,0,43527,0
SUNSHINE COAST,2021,3,43943,41218,0,0,85161,0
SUNSHINE COAST,2021,4,61111,62531,0,0,123642,0
SUNSHINE COAST,2021,5,46629,47419,0,0,94048,0
SUNSHINE COAST,2021,6,31625,29496,0,0,61121,0
SUNSHINE COAST,2021,7,10807,16435,202,310,27242,512
SUNSHINE COAST,2021,8,1300,2373,0,0,3673,0
SUNSHINE COAST,2021,9,2662,3240,0,0,5902,0
SUNSHINE COAST,2021,10,3101,3768,0,0,6869,0
SUNSHINE COAST,2021,11,2922,3309,0,0,6231,0
SUNSHINE COAST,2021,12,36858,24375,0,0,61233,0
SUNSHINE COAST,2022,1,49489,58181,0,0,107670,0
SUNSHINE COAST,2022,2,41318,41978,0,0,83296,0
SUNSHINE COAST,2022,3,56238,56662,0,0,112900,0
SUNSHINE COAST,2022,4,78320,76472,0,0,154792,0
SUNSHINE COAST,2022,5,60284,62428,0,0,122712,0
SUNSHINE COAST,2022,6,64883,58958,0,0,123841,0
SUNSHINE COAST,2022,7,67840,70187,898,718,138027,1616
SUNSHINE COAST,2022,8,58136,59006,1211,1162,117142,2373
SUNSHINE COAST,2022,9,68869,65593,1147,1224,134462,2371
SUNSHINE COAST,2022,10,67500,70500,769,773,138000,1542
SUNSHINE COAST,2022,11,59695,63256,0,0,122951,0
SUNSHINE COAST,2022,12,67791,61949,0,0,129740,0
SUNSHINE COAST,2023,1,66640,72901,0,0,139541,0
SUNSHINE COAST,2023,2,51830,51874,0,0,103704,0
SUNSHINE COAST,2023,3,68061,68114,0,0,136175,0
SUNSHINE COAST,2023,4,82618,81416,0,0,164034,0
SUNSHINE COAST,2023,5,70948,71211,0,0,142159,0
SUNSHINE COAST,2023,6,76961,71507,433,287,148468,720
SUNSHINE COAST,2023,7,88757,88579,1753,1577,177336,3330
SUNSHINE COAST,2023,8,76817,76271,1585,1609,153088,3194
SUNSHINE COAST,2023,9,84121,81211,1809,1791,165332,3600
SUNSHINE COAST,2023,10,83839,87512,866,1073,171351,1939
SUNSHINE COAST,2023,11,81030,82314,0,0,163344,0
SUNSHINE COAST,2023,12,93823,85783,0,0,179606,0
SUNSHINE COAST,2024,1,86439,95264,0,0,181703,0
SUNSHINE COAST,2024,2,71221,71108,0,0,142329,0
SUNSHINE COAST,2024,3,80846,77795,0,0,158641,0
SUNSHINE COAST,2024,4,79092,82672,0,0,161764,0
SYDNEY,2009,1,917544,929969,539079,457378,1847513,996457
SYDNEY,2009,2,834495,839110,428010,373914,1673605,801924
SYDNEY,2009,3,939082,935750,410673,411020,1874832,821693
SYDNEY,2009,4,920109,921212,429137,441485,1841321,870622
SYDNEY,2009,5,863230,854928,364220,395190,1718158,759410
SYDNEY,2009,6,828894,819146,363355,404533,1648040,767888
SYDNEY,2009,7,930385,960770,494278,447070,1891155,941348
SYDNEY,2009,8,943864,938179,433893,430252,1882043,864145
SYDNEY,2009,9,956042,956379,443209,436480,1912421,879689
SYDNEY,2009,10,1041829,1055951,523927,451566,2097780,975493
SYDNEY,2009,11,1004912,997604,440305,453940,2002516,894245
SYDNEY,2009,12,993441,979947,498977,563379,1973388,1062356
SYDNEY,2010,1,938593,953550,589167,521511,1892143,1110678
SYDNEY,2010,2,940950,936409,474091,424962,1877359,899053
SYDNEY,2010,3,1024000,1027486,451545,474798,2051486,926343
SYDNEY,2010,4,1003151,995055,441331,445549,1998206,886880
SYDNEY,2010,5,954506,949785,380176,422964,1904291,803140
SYDNEY,2010,6,938476,929688,402125,465000,1868164,867125
SYDNEY,2010,7,1028127,1054596,546386,469414,2082723,1015800
SYDNEY,2010,8,1023426,1009868,457069,471363,2033294,928432
SYDNEY,2010,9,1016828,1042725,473067,489387,2059553,962454
SYDNEY,2010,10,1098050,1091897,549162,459725,2189947,1008887
SYDNEY,2010,11,1056752,1051838,465698,478625,2108590,944323
SYDNEY,2010,12,1073348,1055700,514182,588240,2129048,1102422
SYDNEY,2011,1,990667,996394,617807,541526,1987061,1159333
SYDNEY,2011,2,925854,929005,487786,428500,1854859,916286
SYDNEY,2011,3,1039009,1034790,446942,456003,2073799,902945
SYDNEY,2011,4,1024659,1014734,466420,499769,2039393,966189
SYDNEY,2011,5,978205,970336,409295,443458,1948541,852753
SYDNEY,2011,6,901802,905444,404433,480056,1807246,884489
SYDNEY,2011,7,1022596,1041581,563461,476698,2064177,1040159
SYDNEY,2011,8,1010698,993479,462526,475601,2004177,938127
SYDNEY,2011,9,993432,1015818,482585,511900,2009250,994485
SYDNEY,2011,10,1032168,1027640,566982,463447,2059808,1030429
SYDNEY,2011,11,1023583,1019531,471165,480997,2043114,952162
SYDNEY,2011,12,1023737,1010189,516227,594998,2033926,1111225
SYDNEY,2012,1,976748,994534,636764,544134,1971282,1180898
SYDNEY,2012,2,922882,932060,502187,438793,1854942,940980
SYDNEY,2012,3,1045541,1031426,473869,498448,2076967,972317
SYDNEY,2012,4,1002005,1002316,493981,507349,2004321,1001330
SYDNEY,2012,5,986288,970793,415903,460344,1957081,876247
SYDNEY,2012,6,946941,943508,447918,531028,1890449,978946
SYDNEY,2012,7,1049721,1064864,585208,491435,2114585,1076643
SYDNEY,2012,8,1060628,1041343,490990,513955,2101971,1004945
SYDNEY,2012,9,1053607,1069913,512937,543135,2123520,1056072
SYDNEY,2012,10,1111778,1107024,582555,480934,2218802,1063489
SYDNEY,2012,11,1098924,1093331,503626,522024,2192255,1025650
SYDNEY,2012,12,1078993,1053709,556732,634944,2132702,1191676
SYDNEY,2013,1,1021964,1040218,651121,559445,2062182,1210566
SYDNEY,2013,2,938481,940265,513791,460487,1878746,974278
SYDNEY,2013,3,1063795,1050688,507531,532984,2114483,1040515
SYDNEY,2013,4,1054470,1048890,507852,520156,2103360,1028008
SYDNEY,2013,5,1004327,991223,447696,488558,1995550,936254
SYDNEY,2013,6,972477,974320,466995,542461,1946797,1009456
SYDNEY,2013,7,1101767,1102001,609690,529985,2203768,1139675
SYDNEY,2013,8,1076609,1058103,523344,542194,2134712,1065538
SYDNEY,2013,9,1042028,1061600,536112,561318,2103628,1097430
SYDNEY,2013,10,1149680,1144501,610674,497724,2294181,1108398
SYDNEY,2013,11,1088671,1080518,530129,542880,2169189,1073009
SYDNEY,2013,12,1113579,1096486,578786,671972,2210065,1250758
SYDNEY,2014,1,1065915,1082908,698668,608317,2148823,1306985
SYDNEY,2014,2,966175,953742,541240,495993,1919917,1037233
SYDNEY,2014,3,1075212,1065090,513803,530525,2140302,1044328
SYDNEY,2014,4,1054858,1046448,526287,566949,2101306,1093236
SYDNEY,2014,5,1017429,1001898,483268,509089,2019327,992357
SYDNEY,2014,6,972837,972810,463814,565678,1945647,1029492
SYDNEY,2014,7,1088070,1090076,613345,528745,2178146,1142090
SYDNEY,2014,8,1072351,1056340,524448,551983,2128691,1076431
SYDNEY,2014,9,1057089,1070473,535529,554031,2127562,1089560
SYDNEY,2014,10,1174641,1172420,616131,519670,2347061,1135801
SYDNEY,2014,11,1088111,1083123,542097,546503,2171234,1088600
SYDNEY,2014,12,1100833,1088258,593553,686169,2189091,1279722
SYDNEY,2015,1,1039522,1046901,711721,614666,2086423,1326387
SYDNEY,2015,2,973110,970584,563101,503262,1943694,1066363
SYDNEY,2015,3,1105157,1095693,557245,579473,2200850,1136718
SYDNEY,2015,4,1056659,1058151,547174,551891,2114810,1099065
SYDNEY,2015,5,1029545,1017224,488608,519255,2046769,1007863
SYDNEY,2015,6,983350,995667,487652,572404,1979017,1060056
SYDNEY,2015,7,1134247,1139638,643544,567433,2273885,1210977
SYDNEY,2015,8,1080332,1065663,553594,567291,2145995,1120885
SYDNEY,2015,9,1087857,1109278,572834,579569,2197135,1152403
SYDNEY,2015,10,1176002,1166705,639213,552224,2342707,1191437
SYDNEY,2015,11,1135940,1126558,570432,579909,2262498,1150341
SYDNEY,2015,12,1157667,1146169,643342,745391,2303836,1388733
SYDNEY,2016,1,1104447,1113703,781878,675908,2218150,1457786
SYDNEY,2016,2,1056881,1054242,636639,567917,2111123,1204556
SYDNEY,2016,3,1162751,1135735,601343,625198,2298486,1226541
SYDNEY,2016,4,1105980,1120670,602761,612185,2226650,1214946
SYDNEY,2016,5,1072295,1055096,526968,555830,2127391,1082798
SYDNEY,2016,6,1032639,1022740,524116,616675,2055379,1140791
SYDNEY,2016,7,1154741,1177544,719961,627148,2332285,1347109
SYDNEY,2016,8,1112898,1096154,601925,608827,2209052,1210752
SYDNEY,2016,9,1125415,1159911,617389,630118,2285326,1247507
SYDNEY,2016,10,1202970,1174544,693223,588318,2377514,1281541
SYDNEY,2016,11,1170274,1167166,605826,622927,2337440,1228753
SYDNEY,2016,12,1162146,1165002,681661,787236,2327148,1468897
SYDNEY,2017,1,1127330,1128197,835438,724531,2255527,1559969
SYDNEY,2017,2,1029813,1028231,655651,570218,2058044,1225869
SYDNEY,2017,3,1174197,1156629,614723,629062,2330826,1243785
SYDNEY,2017,4,1120311,1122762,664691,681401,2243073,1346092
SYDNEY,2017,5,1095571,1085506,562979,593638,2181077,1156617
SYDNEY,2017,6,1060307,1056841,569557,673314,2117148,1242871
SYDNEY,2017,7,1180867,1187367,760491,662542,2368234,1423033
SYDNEY,2017,8,1125981,1110360,644683,655860,2236341,1300543
SYDNEY,2017,9,1120569,1149275,657428,669922,2269844,1327350
SYDNEY,2017,10,1234112,1210014,727017,618485,2444126,1345502
SYDNEY,2017,11,1206765,1204038,644589,666967,2410803,1311556
SYDNEY,2017,12,1186961,1189870,720485,834514,2376831,1554999
SYDNEY,2018,1,1153562,1141771,852699,733634,2295333,1586333
SYDNEY,2018,2,1065983,1071878,696311,617701,2137861,1314012
SYDNEY,2018,3,1207474,1205485,676261,692921,2412959,1369182
SYDNEY,2018,4,1164271,1149887,672810,700606,2314158,1373416
SYDNEY,2018,5,1115328,1093690,605693,624178,2209018,1229871
SYDNEY,2018,6,1075953,1052376,592992,702206,2128329,1295198
SYDNEY,2018,7,1185423,1217202,793662,696321,2402625,1489983
SYDNEY,2018,8,1169183,1156881,675440,686667,2326064,1362107
SYDNEY,2018,9,1127214,1132581,672762,684833,2259795,1357595
SYDNEY,2018,10,1241043,1241669,779641,656652,2482712,1436293
SYDNEY,2018,11,1190236,1191362,663086,684189,2381598,1347275
SYDNEY,2018,12,1155410,1161411,734848,866372,2316821,1601220
SYDNEY,2019,1,1151296,1138031,887489,768912,2289327,1656401
SYDNEY,2019,2,1041047,1041948,707952,612960,2082995,1320912
SYDNEY,2019,3,1168035,1163665,656438,672111,2331700,1328549
SYDNEY,2019,4,1143091,1140011,681293,719809,2283102,1401102
SYDNEY,2019,5,1112636,1105077,641103,658543,2217713,1299646
SYDNEY,2019,6,1056674,1037459,609046,697055,2094133,1306101
SYDNEY,2019,7,1179466,1208057,758328,692756,2387523,1451084
SYDNEY,2019,8,1154302,1141216,688054,695834,2295518,1383888
SYDNEY,2019,9,1138830,1146456,668842,689778,2285286,1358620
SYDNEY,2019,10,1276535,1267353,759129,665258,2543888,1424387
SYDNEY,2019,11,1190189,1188233,677641,682256,2378422,1359897
SYDNEY,2019,12,1167955,1180842,728207,871647,2348797,1599854
SYDNEY,2020,1,1142353,1131604,877231,775800,2273957,1653031
SYDNEY,2020,2,1003957,983714,595097,506896,1987671,1101993
SYDNEY,2020,3,657237,661525,341102,344459,1318762,685561
SYDNEY,2020,4,28082,20096,7751,33619,48178,41370
SYDNEY,2020,5,33504,28774,10119,20218,62278,30337
SYDNEY,2020,6,74605,65547,12537,21934,140152,34471
SYDNEY,2020,7,134227,140497,12877,29798,274724,42675
SYDNEY,2020,8,55176,35022,9825,28770,90198,38595
SYDNEY,2020,9,51249,45899,10035,24897,97148,34932
SYDNEY,2020,10,96350,89142,13108,23983,185492,37091
SYDNEY,2020,11,158324,148823,15900,24368,307147,40268
SYDNEY,2020,12,322699,336374,16152,26436,659073,42588
SYDNEY,2021,1,114029,82773,11032,20684,196802,31716
SYDNEY,2021,2,292959,302746,9983,14635,595705,24618
SYDNEY,2021,3,556632,564536,13957,15381,1121168,29338
SYDNEY,2021,4,750556,738789,21742,27003,1489345,48745
SYDNEY,2021,5,676101,671249,41234,42708,1347350,83942
SYDNEY,2021,6,453658,451817,39699,40536,905475,80235
SYDNEY,2021,7,40553,27111,12380,19811,67664,32191
SYDNEY,2021,8,13222,11544,7955,18448,24766,26403
SYDNEY,2021,9,12745,9916,4410,14062,22661,18472
SYDNEY,2021,10,25530,19808,3662,15753,45338,19415
SYDNEY,2021,11,205713,200654,42178,49870,406367,92048
SYDNEY,2021,12,454384,494734,112764,129642,949118,242406
SYDNEY,2022,1,485546,464651,153721,103167,950197,256888
SYDNEY,2022,2,494968,506011,134032,88762,1000979,222794
SYDNEY,2022,3,749213,751972,177024,160206,1501185,337230
SYDNEY,2022,4,971618,965691,259434,279098,1937309,538532
SYDNEY,2022,5,917829,913466,287411,289660,1831295,577071
SYDNEY,2022,6,939255,934024,319268,376620,1873279,695888
SYDNEY,2022,7,991750,998766,449878,404429,1990516,854307
SYDNEY,2022,8,934771,926384,420285,385639,1861155,805924
SYDNEY,2022,9,962376,987040,433437,429297,1949416,862734
SYDNEY,2022,10,1037067,1008502,491670,415469,2045569,907139
SYDNEY,2022,11,1002829,992588,484849,489552,1995417,974401
SYDNEY,2022,12,964858,971746,529261,621131,1936604,1150392
SYDNEY,2023,1,948915,939497,671268,574067,1888412,1245335
SYDNEY,2023,2,861434,863783,566934,453954,1725217,1020888
SYDNEY,2023,3,1031011,1047451,551400,551878,2078462,1103278
SYDNEY,2023,4,989792,971078,560311,570535,1960870,1130846
SYDNEY,2023,5,966916,964192,534733,553471,1931108,1088204
SYDNEY,2023,6,953000,941898,543365,626860,1894898,1170225
SYDNEY,2023,7,1025041,1047334,705713,602013,2072375,1307726
SYDNEY,2023,8,1017021,1001240,624566,612723,2018261,1237289
SYDNEY,2023,9,1035511,1058562,638554,640991,2094073,1279545
SYDNEY,2023,10,1106033,1077919,695855,594999,2183952,1290854
SYDNEY,2023,11,1080530,1067998,624043,641640,2148528,1265683
SYDNEY,2023,12,1039226,1043350,680443,818750,2082576,1499193
SYDNEY,2024,1,1015444,1015279,853678,701745,2030723,1555423
SYDNEY,2024,2,999591,991141,708756,597237,1990732,1305993
SYDNEY,2024,3,1069650,1063723,633865,672069,2133373,1305934
SYDNEY,2024,4,1020395,1027326,646591,663563,2047721,1310154
TOWNSVILLE,2009,1,54834,51765,0,0,106599,0
TOWNSVILLE,2009,2,46833,47178,0,0,94011,0
TOWNSVILLE,2009,3,56789,56637,0,0,113426,0
TOWNSVILLE,2009,4,61354,60487,0,0,121841,0
TOWNSVILLE,2009,5,64684,63709,0,0,128393,0
TOWNSVILLE,2009,6,63939,62856,0,0,126795,0
TOWNSVILLE,2009,7,72573,70681,0,0,143254,0
TOWNSVILLE,2009,8,67166,66240,0,0,133406,0
TOWNSVILLE,2009,9,64553,65331,0,0,129884,0
TOWNSVILLE,2009,10,67100,66383,0,0,133483,0
TOWNSVILLE,2009,11,62942,62726,0,0,125668,0
TOWNSVILLE,2009,12,61371,64099,0,0,125470,0
TOWNSVILLE,2010,1,57683,54094,0,0,111777,0
TOWNSVILLE,2010,2,54481,54482,0,0,108963,0
TOWNSVILLE,2010,3,61328,59317,0,0,120645,0
TOWNSVILLE,2010,4,63419,62319,0,0,125738,0
TOWNSVILLE,2010,5,63472,62951,0,0,126423,0
TOWNSVILLE,2010,6,66906,66752,0,0,133658,0
TOWNSVILLE,2010,7,74752,73971,0,0,148723,0
TOWNSVILLE,2010,8,73506,72594,0,0,146100,0
TOWNSVILLE,2010,9,71311,73482,0,0,144793,0
TOWNSVILLE,2010,10,72820,73249,0,0,146069,0
TOWNSVILLE,2010,11,65417,67350,0,0,132767,0
TOWNSVILLE,2010,12,68741,74353,432,882,143094,1314
TOWNSVILLE,2011,1,63002,56390,1124,818,119392,1942
TOWNSVILLE,2011,2,52145,51796,567,593,103941,1160
TOWNSVILLE,2011,3,66595,67266,537,617,133861,1154
TOWNSVILLE,2011,4,67086,66172,437,567,133258,1004
TOWNSVILLE,2011,5,68038,68072,524,321,136110,845
TOWNSVILLE,2011,6,66706,67428,355,399,134134,754
TOWNSVILLE,2011,7,76522,74194,611,514,150716,1125
TOWNSVILLE,2011,8,70256,72262,400,340,142518,740
TOWNSVILLE,2011,9,70603,72577,476,290,143180,766
TOWNSVILLE,2011,10,69682,69745,15,87,139427,102
TOWNSVILLE,2011,11,65601,67450,0,0,133051,0
TOWNSVILLE,2011,12,66509,71194,0,0,137703,0
TOWNSVILLE,2012,1,62176,57171,0,0,119347,0
TOWNSVILLE,2012,2,58957,58549,0,0,117506,0
TOWNSVILLE,2012,3,65382,67338,0,0,132720,0
TOWNSVILLE,2012,4,67048,64734,0,0,131782,0
TOWNSVILLE,2012,5,68538,68825,0,0,137363,0
TOWNSVILLE,2012,6,69123,69402,0,0,138525,0
TOWNSVILLE,2012,7,74222,72849,0,0,147071,0
TOWNSVILLE,2012,8,68534,70183,0,0,138717,0
TOWNSVILLE,2012,9,67250,68960,0,0,136210,0
TOWNSVILLE,2012,10,72062,71252,0,0,143314,0
TOWNSVILLE,2012,11,65396,67853,0,0,133249,0
TOWNSVILLE,2012,12,64520,69414,0,0,133934,0
TOWNSVILLE,2013,1,61932,56480,0,0,118412,0
TOWNSVILLE,2013,2,53701,53918,0,0,107619,0
TOWNSVILLE,2013,3,61612,61684,0,0,123296,0
TOWNSVILLE,2013,4,64547,62765,0,0,127312,0
TOWNSVILLE,2013,5,64213,64376,0,0,128589,0
TOWNSVILLE,2013,6,65780,66216,0,0,131996,0
TOWNSVILLE,2013,7,75176,72844,0,0,148020,0
TOWNSVILLE,2013,8,67861,69454,0,0,137315,0
TOWNSVILLE,2013,9,68135,69670,0,0,137805,0
TOWNSVILLE,2013,10,70418,69925,0,0,140343,0
TOWNSVILLE,2013,11,59143,61744,0,0,120887,0
TOWNSVILLE,2013,12,65561,69424,0,0,134985,0
TOWNSVILLE,2014,1,58441,53757,0,0,112198,0
TOWNSVILLE,2014,2,50287,50424,0,0,100711,0
TOWNSVILLE,2014,3,58520,57261,0,0,115781,0
TOWNSVILLE,2014,4,60736,61524,0,0,122260,0
TOWNSVILLE,2014,5,62178,61671,0,0,123849,0
TOWNSVILLE,2014,6,64444,64334,0,0,128778,0
TOWNSVILLE,2014,7,72058,70381,0,0,142439,0
TOWNSVILLE,2014,8,65323,66678,0,0,132001,0
TOWNSVILLE,2014,9,65984,68438,0,0,134422,0
TOWNSVILLE,2014,10,68153,67986,0,0,136139,0
TOWNSVILLE,2014,11,57638,59537,0,0,117175,0
TOWNSVILLE,2014,12,64541,67547,0,0,132088,0
TOWNSVILLE,2015,1,57879,54030,0,0,111909,0
TOWNSVILLE,2015,2,48886,49553,0,0,98439,0
TOWNSVILLE,2015,3,59989,58009,0,0,117998,0
TOWNSVILLE,2015,4,61695,62149,0,0,123844,0
TOWNSVILLE,2015,5,62664,61362,0,0,124026,0
TOWNSVILLE,2015,6,63967,63610,0,0,127577,0
TOWNSVILLE,2015,7,73303,71720,0,0,145023,0
TOWNSVILLE,2015,8,64519,66566,0,0,131085,0
TOWNSVILLE,2015,9,66864,67845,1111,1698,134709,2809
TOWNSVILLE,2015,10,67865,67814,1815,1720,135679,3535
TOWNSVILLE,2015,11,59754,61357,348,881,121111,1229
TOWNSVILLE,2015,12,62377,66334,1571,1979,128711,3550
TOWNSVILLE,2016,1,58001,53823,1864,1370,111824,3234
TOWNSVILLE,2016,2,49452,48711,1352,1370,98163,2722
TOWNSVILLE,2016,3,58566,58563,1555,1604,117129,3159
TOWNSVILLE,2016,4,61298,59331,1417,1604,120629,3021
TOWNSVILLE,2016,5,63397,62570,1685,1933,125967,3618
TOWNSVILLE,2016,6,64868,64899,1663,2044,129767,3707
TOWNSVILLE,2016,7,72641,70220,1973,1919,142861,3892
TOWNSVILLE,2016,8,64208,66056,1609,1800,130264,3409
TOWNSVILLE,2016,9,66576,68269,1969,1734,134845,3703
TOWNSVILLE,2016,10,64602,64935,2053,1842,129537,3895
TOWNSVILLE,2016,11,58528,59861,1523,1763,118389,3286
TOWNSVILLE,2016,12,61979,66646,1746,2087,128625,3833
TOWNSVILLE,2017,1,57767,53413,2224,1623,111180,3847
TOWNSVILLE,2017,2,48518,48312,1677,1594,96830,3271
TOWNSVILLE,2017,3,56804,58317,1603,1632,115121,3235
TOWNSVILLE,2017,4,64609,62128,2025,2257,126737,4282
TOWNSVILLE,2017,5,60639,61928,1954,2370,122567,4324
TOWNSVILLE,2017,6,66427,66254,2106,2123,132681,4229
TOWNSVILLE,2017,7,76628,73840,2452,2457,150468,4909
TOWNSVILLE,2017,8,69682,70924,2373,2231,140606,4604
TOWNSVILLE,2017,9,68660,71256,2197,2368,139916,4565
TOWNSVILLE,2017,10,70105,69779,2278,2100,139884,4378
TOWNSVILLE,2017,11,62743,66059,1622,1747,128802,3369
TOWNSVILLE,2017,12,65924,70774,1467,2055,136698,3522
TOWNSVILLE,2018,1,62969,57216,2279,2327,120185,4606
TOWNSVILLE,2018,2,51968,52403,2180,2140,104371,4320
TOWNSVILLE,2018,3,67182,67984,1744,1355,135166,3099
TOWNSVILLE,2018,4,63974,63336,415,443,127310,858
TOWNSVILLE,2018,5,66895,67054,263,284,133949,547
TOWNSVILLE,2018,6,65091,65021,375,318,130112,693
TOWNSVILLE,2018,7,80489,78946,425,383,159435,808
TOWNSVILLE,2018,8,72455,74122,354,318,146577,672
TOWNSVILLE,2018,9,67395,69792,252,332,137187,584
TOWNSVILLE,2018,10,70570,69634,0,0,140204,0
TOWNSVILLE,2018,11,63340,65756,0,0,129096,0
TOWNSVILLE,2018,12,63038,67481,0,0,130519,0
TOWNSVILLE,2019,1,61344,56845,0,0,118189,0
TOWNSVILLE,2019,2,50268,49998,0,0,100266,0
TOWNSVILLE,2019,3,62804,63951,0,0,126755,0
TOWNSVILLE,2019,4,67238,66720,0,0,133958,0
TOWNSVILLE,2019,5,67451,67615,0,0,135066,0
TOWNSVILLE,2019,6,68347,66772,0,0,135119,0
TOWNSVILLE,2019,7,78060,76324,0,0,154384,0
TOWNSVILLE,2019,8,72244,74283,0,0,146527,0
TOWNSVILLE,2019,9,71820,73743,0,0,145563,0
TOWNSVILLE,2019,10,72692,73110,0,0,145802,0
TOWNSVILLE,2019,11,64379,66370,0,0,130749,0
TOWNSVILLE,2019,12,67064,71298,0,0,138362,0
TOWNSVILLE,2020,1,63574,59105,0,0,122679,0
TOWNSVILLE,2020,2,53546,51590,0,0,105136,0
TOWNSVILLE,2020,3,44037,43063,0,0,87100,0
TOWNSVILLE,2020,4,3786,4068,0,0,7854,0
TOWNSVILLE,2020,5,4672,4575,0,0,9247,0
TOWNSVILLE,2020,6,11330,11590,0,0,22920,0
TOWNSVILLE,2020,7,28925,27368,0,0,56293,0
TOWNSVILLE,2020,8,27166,27623,0,0,54789,0
TOWNSVILLE,2020,9,30779,30772,0,0,61551,0
TOWNSVILLE,2020,10,33293,34139,0,0,67432,0
TOWNSVILLE,2020,11,34426,34806,0,0,69232,0
TOWNSVILLE,2020,12,46643,47427,0,0,94070,0
TOWNSVILLE,2021,1,36601,36701,0,0,73302,0
TOWNSVILLE,2021,2,35876,36302,0,0,72178,0
TOWNSVILLE,2021,3,47197,46734,0,0,93931,0
TOWNSVILLE,2021,4,54512,54531,0,0,109043,0
TOWNSVILLE,2021,5,56918,55921,0,0,112839,0
TOWNSVILLE,2021,6,55616,55914,0,0,111530,0
TOWNSVILLE,2021,7,45465,45386,0,0,90851,0
TOWNSVILLE,2021,8,28531,30449,0,0,58980,0
TOWNSVILLE,2021,9,44252,45090,0,0,89342,0
TOWNSVILLE,2021,10,42096,42471,0,0,84567,0
TOWNSVILLE,2021,11,42950,43775,0,0,86725,0
TOWNSVILLE,2021,12,52968,53049,0,0,106017,0
TOWNSVILLE,2022,1,40703,39849,0,0,80552,0
TOWNSVILLE,2022,2,37643,38041,0,0,75684,0
TOWNSVILLE,2022,3,52878,53425,0,0,106303,0
TOWNSVILLE,2022,4,67765,67181,0,0,134946,0
TOWNSVILLE,2022,5,67961,66930,0,0,134891,0
TOWNSVILLE,2022,6,73181,72557,0,0,145738,0
TOWNSVILLE,2022,7,77032,76450,0,0,153482,0
TOWNSVILLE,2022,8,70474,71884,0,0,142358,0
TOWNSVILLE,2022,9,72163,73570,0,0,145733,0
TOWNSVILLE,2022,10,71632,72223,0,0,143855,0
TOWNSVILLE,2022,11,63881,66759,0,0,130640,0
TOWNSVILLE,2022,12,63600,66405,0,0,130005,0
TOWNSVILLE,2023,1,60780,57776,0,0,118556,0
TOWNSVILLE,2023,2,54278,54972,0,0,109250,0
TOWNSVILLE,2023,3,70734,70157,0,0,140891,0
TOWNSVILLE,2023,4,68197,67452,0,0,135649,0
TOWNSVILLE,2023,5,72574,71584,0,0,144158,0
TOWNSVILLE,2023,6,78209,76273,0,0,154482,0
TOWNSVILLE,2023,7,81864,80540,0,0,162404,0
TOWNSVILLE,2023,8,76129,79501,0,0,155630,0
TOWNSVILLE,2023,9,71745,73575,0,0,145320,0
TOWNSVILLE,2023,10,73485,73111,0,0,146596,0
TOWNSVILLE,2023,11,68318,70954,0,0,139272,0
TOWNSVILLE,2023,12,68243,70691,0,0,138934,0
TOWNSVILLE,2024,1,59516,55811,0,0,115327,0
TOWNSVILLE,2024,2,59815,60581,0,0,120396,0
TOWNSVILLE,2024,3,68045,67585,0,0,135630,0
TOWNSVILLE,2024,4,69222,67664,0,0,136886,0